                                                  R-Tree Information
M	m	Inner-nodes	Leaf-nodes	Objects	Dimension
32	20	0			1		12	2

num   level   loc addr              parent
12    0       0   ADFF7EC0          0       
1                 2                 3                 4                 5                 6                 7                 8                 9                 10                11                12                min       max     
2.54      2.54    8.77      8.77    6.15      6.15    4.41      4.41    1.20      1.20    2.58      2.58    7.21      7.21    9.30      9.30    1.72      1.72    5.02      5.02    7.90      7.90    9.18      9.18    1.20      9.30    
2.32      2.32    7.01      7.01    3.94      3.94    4.69      4.69    1.36      1.36    7.42      7.42    2.56      2.56    8.21      8.21    7.96      7.96    1.63      1.63    8.68      8.68    1.88      1.88    1.36      8.68    
1:	4026531840
2:	260046848
3:	7340032
-1

