19
19  1.000000  
18  1.000000  
17  1.000000  
16  1.000000  
15  1.000000  
14  1.000000  
13  1.000000  
12  1.000000  
11  1.000000  
10  1.000000  
9  1.000000  
8  1.000000  
7  1.000000  
6  1.000000  
5  1.000000  
4  1.000000  
3  1.000000  
2  1.000000  
1  1.000000  

54
1  2  0.987942  
1  3  0.987942  
2  3  1.000000  
1  4  0.992765  
2  4  0.995665  
3  4  0.995665  
1  5  0.989550  
2  5  0.999194  
3  5  0.999194  
4  5  0.998555  
1  7  0.987138  
2  7  1.000000  
3  7  1.000000  
4  7  0.995665  
5  7  1.000000  
6  8  1.000000  
6  9  1.000000  
8  9  1.000000  
1  10  0.959807  
2  10  0.991071  
3  10  0.991071  
5  10  0.983871  
7  10  0.991071  
1  11  0.991961  
2  11  0.992424  
3  11  0.992424  
4  11  0.998106  
5  11  0.996212  
7  11  0.992424  
1  12  0.981511  
2  12  1.000000  
3  12  1.000000  
4  12  0.988439  
5  12  0.993548  
7  12  0.997561  
10  12  0.988889  
11  12  0.986742  
1  13  0.978296  
2  13  0.991667  
3  13  0.991667  
4  13  0.994220  
5  13  0.997581  
7  13  0.991667  
11  13  0.996212  
12  13  0.991667  
2  14  0.953061  
3  14  0.959383  
7  14  0.963415  
10  14  0.964286  
12  14  0.977778  
15  16  1.000000  
17  18  1.000000  
17  19  1.000000  
18  19  1.000000  

111
17  18  19  1.000000  
11  12  13  0.986742  
10  12  14  0.964286  
7  12  14  0.963415  
7  12  13  0.991667  
5  12  13  0.991129  
4  12  13  0.984104  
3  12  14  0.959383  
3  12  13  0.991667  
2  12  14  0.953061  
2  12  13  0.991667  
1  12  13  0.973473  
7  11  13  0.991667  
7  11  12  0.986742  
5  11  13  0.996212  
5  11  12  0.986742  
4  11  13  0.994220  
4  11  12  0.986742  
3  11  13  0.991667  
3  11  12  0.986742  
2  11  13  0.991667  
2  11  12  0.986742  
1  11  13  0.978296  
1  11  12  0.981511  
7  10  14  0.963415  
7  10  12  0.988889  
5  10  12  0.983871  
3  10  14  0.959383  
3  10  12  0.988889  
2  10  14  0.953061  
2  10  12  0.988889  
1  10  12  0.953376  
6  8  9  1.000000  
5  7  13  0.991667  
5  7  12  0.991935  
5  7  11  0.992424  
5  7  10  0.983871  
4  7  13  0.991329  
4  7  12  0.986994  
4  7  11  0.992424  
3  7  14  0.959383  
3  7  13  0.991667  
3  7  12  0.997561  
3  7  11  0.992424  
3  7  10  0.991071  
2  7  14  0.953061  
2  7  13  0.991667  
2  7  12  0.997561  
2  7  11  0.992424  
2  7  10  0.991071  
1  7  13  0.975884  
1  7  12  0.981511  
1  7  11  0.985531  
1  7  10  0.957395  
4  5  13  0.994220  
4  5  12  0.988439  
4  5  11  0.996212  
4  5  7  0.995665  
3  5  13  0.991667  
3  5  12  0.993548  
3  5  11  0.992424  
3  5  10  0.983871  
3  5  7  0.999194  
2  5  13  0.991667  
2  5  12  0.993548  
2  5  11  0.992424  
2  5  10  0.983871  
2  5  7  0.999194  
1  5  13  0.975884  
1  5  12  0.981511  
1  5  11  0.987942  
1  5  10  0.957395  
1  5  7  0.987138  
3  4  13  0.991329  
3  4  12  0.988439  
3  4  11  0.992424  
3  4  7  0.995665  
3  4  5  0.995665  
2  4  13  0.991329  
2  4  12  0.988439  
2  4  11  0.992424  
2  4  7  0.995665  
2  4  5  0.995665  
1  4  13  0.978296  
1  4  12  0.981511  
1  4  11  0.991158  
1  4  7  0.987138  
1  4  5  0.989550  
2  3  14  0.953061  
2  3  13  0.991667  
2  3  12  1.000000  
2  3  11  0.992424  
2  3  10  0.991071  
2  3  7  1.000000  
2  3  5  0.999194  
2  3  4  0.995665  
1  3  13  0.975884  
1  3  12  0.981511  
1  3  11  0.987942  
1  3  10  0.957395  
1  3  7  0.985531  
1  3  5  0.987942  
1  3  4  0.987942  
1  2  13  0.975884  
1  2  12  0.981511  
1  2  11  0.987942  
1  2  10  0.957395  
1  2  7  0.985531  
1  2  5  0.987942  
1  2  4  0.987942  
1  2  3  0.987942  

156
1  2  3  4  0.987942  
1  2  3  5  0.987942  
1  2  4  5  0.987942  
1  2  3  7  0.985531  
1  2  4  7  0.985531  
1  2  5  7  0.985531  
1  2  3  10  0.957395  
1  2  5  10  0.957395  
1  2  7  10  0.957395  
1  2  3  11  0.987942  
1  2  4  11  0.987942  
1  2  5  11  0.987942  
1  2  7  11  0.985531  
1  2  3  12  0.981511  
1  2  4  12  0.981511  
1  2  5  12  0.981511  
1  2  7  12  0.981511  
1  2  10  12  0.953376  
1  2  11  12  0.981511  
1  2  3  13  0.975884  
1  2  4  13  0.975884  
1  2  5  13  0.975884  
1  2  7  13  0.975884  
1  2  11  13  0.975884  
1  2  12  13  0.973473  
1  3  4  5  0.987942  
1  3  4  7  0.985531  
1  3  5  7  0.985531  
1  3  5  10  0.957395  
1  3  7  10  0.957395  
1  3  4  11  0.987942  
1  3  5  11  0.987942  
1  3  7  11  0.985531  
1  3  4  12  0.981511  
1  3  5  12  0.981511  
1  3  7  12  0.981511  
1  3  10  12  0.953376  
1  3  11  12  0.981511  
1  3  4  13  0.975884  
1  3  5  13  0.975884  
1  3  7  13  0.975884  
1  3  11  13  0.975884  
1  3  12  13  0.973473  
2  3  4  5  0.995665  
2  3  4  7  0.995665  
2  3  5  7  0.999194  
2  3  5  10  0.983871  
2  3  7  10  0.991071  
2  3  4  11  0.992424  
2  3  5  11  0.992424  
2  3  7  11  0.992424  
2  3  4  12  0.988439  
2  3  5  12  0.993548  
2  3  7  12  0.997561  
2  3  10  12  0.988889  
2  3  11  12  0.986742  
2  3  4  13  0.991329  
2  3  5  13  0.991667  
2  3  7  13  0.991667  
2  3  11  13  0.991667  
2  3  12  13  0.991667  
2  3  7  14  0.953061  
2  3  10  14  0.953061  
2  3  12  14  0.953061  
1  4  5  7  0.987138  
1  4  5  11  0.987942  
1  4  7  11  0.985531  
1  4  5  12  0.981511  
1  4  7  12  0.981511  
1  4  11  12  0.981511  
1  4  5  13  0.975884  
1  4  7  13  0.975884  
1  4  11  13  0.978296  
1  4  12  13  0.973473  
2  4  5  7  0.995665  
2  4  5  11  0.992424  
2  4  7  11  0.992424  
2  4  5  12  0.988439  
2  4  7  12  0.986994  
2  4  11  12  0.986742  
2  4  5  13  0.991329  
2  4  7  13  0.991329  
2  4  11  13  0.991329  
2  4  12  13  0.984104  
3  4  5  7  0.995665  
3  4  5  11  0.992424  
3  4  7  11  0.992424  
3  4  5  12  0.988439  
3  4  7  12  0.986994  
3  4  11  12  0.986742  
3  4  5  13  0.991329  
3  4  7  13  0.991329  
3  4  11  13  0.991329  
3  4  12  13  0.984104  
1  5  7  10  0.957395  
1  5  7  11  0.985531  
1  5  7  12  0.981511  
1  5  10  12  0.953376  
1  5  11  12  0.981511  
1  5  7  13  0.975884  
1  5  11  13  0.975884  
1  5  12  13  0.973473  
2  5  7  10  0.983871  
2  5  7  11  0.992424  
2  5  7  12  0.991935  
2  5  10  12  0.983871  
2  5  11  12  0.986742  
2  5  7  13  0.991667  
2  5  11  13  0.991667  
2  5  12  13  0.991129  
3  5  7  10  0.983871  
3  5  7  11  0.992424  
3  5  7  12  0.991935  
3  5  10  12  0.983871  
3  5  11  12  0.986742  
3  5  7  13  0.991667  
3  5  11  13  0.991667  
3  5  12  13  0.991129  
4  5  7  11  0.992424  
4  5  7  12  0.986994  
4  5  11  12  0.986742  
4  5  7  13  0.991329  
4  5  11  13  0.994220  
4  5  12  13  0.984104  
1  7  10  12  0.953376  
1  7  11  12  0.981511  
1  7  11  13  0.975884  
1  7  12  13  0.973473  
2  7  10  12  0.988889  
2  7  11  12  0.986742  
2  7  11  13  0.991667  
2  7  12  13  0.991667  
2  7  10  14  0.953061  
2  7  12  14  0.953061  
3  7  10  12  0.988889  
3  7  11  12  0.986742  
3  7  11  13  0.991667  
3  7  12  13  0.991667  
3  7  10  14  0.959383  
3  7  12  14  0.959383  
4  7  11  12  0.986742  
4  7  11  13  0.991329  
4  7  12  13  0.982659  
5  7  10  12  0.983871  
5  7  11  12  0.986742  
5  7  11  13  0.991667  
5  7  12  13  0.989516  
2  10  12  14  0.953061  
3  10  12  14  0.959383  
7  10  12  14  0.963415  
1  11  12  13  0.973473  
2  11  12  13  0.986742  
3  11  12  13  0.986742  
4  11  12  13  0.984104  
5  11  12  13  0.986742  
7  11  12  13  0.986742  

146
5  7  11  12  13  0.986742  
4  7  11  12  13  0.982659  
3  7  11  12  13  0.986742  
3  7  10  12  14  0.959383  
2  7  11  12  13  0.986742  
2  7  10  12  14  0.953061  
1  7  11  12  13  0.973473  
4  5  11  12  13  0.984104  
4  5  7  12  13  0.982659  
4  5  7  11  13  0.991329  
4  5  7  11  12  0.986742  
3  5  11  12  13  0.986742  
3  5  7  12  13  0.989516  
3  5  7  11  13  0.991667  
3  5  7  11  12  0.986742  
3  5  7  10  12  0.983871  
2  5  11  12  13  0.986742  
2  5  7  12  13  0.989516  
2  5  7  11  13  0.991667  
2  5  7  11  12  0.986742  
2  5  7  10  12  0.983871  
1  5  11  12  13  0.973473  
1  5  7  12  13  0.973473  
1  5  7  11  13  0.975884  
1  5  7  11  12  0.981511  
1  5  7  10  12  0.953376  
3  4  11  12  13  0.984104  
3  4  7  12  13  0.982659  
3  4  5  12  13  0.984104  
3  4  7  11  13  0.991329  
3  4  7  11  12  0.986742  
3  4  5  11  13  0.991329  
3  4  5  11  12  0.986742  
3  4  5  7  13  0.991329  
3  4  5  7  12  0.986994  
3  4  5  7  11  0.992424  
2  4  11  12  13  0.984104  
2  4  7  12  13  0.982659  
2  4  5  12  13  0.984104  
2  4  7  11  13  0.991329  
2  4  7  11  12  0.986742  
2  4  5  11  13  0.991329  
2  4  5  11  12  0.986742  
2  4  5  7  13  0.991329  
2  4  5  7  12  0.986994  
2  4  5  7  11  0.992424  
1  4  11  12  13  0.973473  
1  4  7  12  13  0.973473  
1  4  5  12  13  0.973473  
1  4  7  11  13  0.975884  
1  4  7  11  12  0.981511  
1  4  5  11  13  0.975884  
1  4  5  11  12  0.981511  
1  4  5  7  13  0.975884  
1  4  5  7  12  0.981511  
1  4  5  7  11  0.985531  
2  3  11  12  13  0.986742  
2  3  10  12  14  0.953061  
2  3  7  12  14  0.953061  
2  3  7  12  13  0.991667  
2  3  5  12  13  0.991129  
2  3  4  12  13  0.984104  
2  3  7  11  13  0.991667  
2  3  7  11  12  0.986742  
2  3  5  11  13  0.991667  
2  3  5  11  12  0.986742  
2  3  4  11  13  0.991329  
2  3  4  11  12  0.986742  
2  3  7  10  14  0.953061  
2  3  7  10  12  0.988889  
2  3  5  10  12  0.983871  
2  3  5  7  13  0.991667  
2  3  5  7  12  0.991935  
2  3  5  7  11  0.992424  
2  3  5  7  10  0.983871  
2  3  4  7  13  0.991329  
2  3  4  7  12  0.986994  
2  3  4  7  11  0.992424  
2  3  4  5  13  0.991329  
2  3  4  5  12  0.988439  
2  3  4  5  11  0.992424  
2  3  4  5  7  0.995665  
1  3  11  12  13  0.973473  
1  3  7  12  13  0.973473  
1  3  5  12  13  0.973473  
1  3  4  12  13  0.973473  
1  3  7  11  13  0.975884  
1  3  7  11  12  0.981511  
1  3  5  11  13  0.975884  
1  3  5  11  12  0.981511  
1  3  4  11  13  0.975884  
1  3  4  11  12  0.981511  
1  3  7  10  12  0.953376  
1  3  5  10  12  0.953376  
1  3  5  7  13  0.975884  
1  3  5  7  12  0.981511  
1  3  5  7  11  0.985531  
1  3  5  7  10  0.957395  
1  3  4  7  13  0.975884  
1  3  4  7  12  0.981511  
1  3  4  7  11  0.985531  
1  3  4  5  13  0.975884  
1  3  4  5  12  0.981511  
1  3  4  5  11  0.987942  
1  3  4  5  7  0.985531  
1  2  11  12  13  0.973473  
1  2  7  12  13  0.973473  
1  2  5  12  13  0.973473  
1  2  4  12  13  0.973473  
1  2  3  12  13  0.973473  
1  2  7  11  13  0.975884  
1  2  7  11  12  0.981511  
1  2  5  11  13  0.975884  
1  2  5  11  12  0.981511  
1  2  4  11  13  0.975884  
1  2  4  11  12  0.981511  
1  2  3  11  13  0.975884  
1  2  3  11  12  0.981511  
1  2  7  10  12  0.953376  
1  2  5  10  12  0.953376  
1  2  3  10  12  0.953376  
1  2  5  7  13  0.975884  
1  2  5  7  12  0.981511  
1  2  5  7  11  0.985531  
1  2  5  7  10  0.957395  
1  2  4  7  13  0.975884  
1  2  4  7  12  0.981511  
1  2  4  7  11  0.985531  
1  2  3  7  13  0.975884  
1  2  3  7  12  0.981511  
1  2  3  7  11  0.985531  
1  2  3  7  10  0.957395  
1  2  4  5  13  0.975884  
1  2  4  5  12  0.981511  
1  2  4  5  11  0.987942  
1  2  4  5  7  0.985531  
1  2  3  5  13  0.975884  
1  2  3  5  12  0.981511  
1  2  3  5  11  0.987942  
1  2  3  5  10  0.957395  
1  2  3  5  7  0.985531  
1  2  3  4  13  0.975884  
1  2  3  4  12  0.981511  
1  2  3  4  11  0.987942  
1  2  3  4  7  0.985531  
1  2  3  4  5  0.987942  

91
1  2  3  4  5  7  0.985531  
1  2  3  4  5  11  0.987942  
1  2  3  4  7  11  0.985531  
1  2  3  4  5  12  0.981511  
1  2  3  4  7  12  0.981511  
1  2  3  4  11  12  0.981511  
1  2  3  4  5  13  0.975884  
1  2  3  4  7  13  0.975884  
1  2  3  4  11  13  0.975884  
1  2  3  4  12  13  0.973473  
1  2  3  5  7  10  0.957395  
1  2  3  5  7  11  0.985531  
1  2  3  5  7  12  0.981511  
1  2  3  5  10  12  0.953376  
1  2  3  5  11  12  0.981511  
1  2  3  5  7  13  0.975884  
1  2  3  5  11  13  0.975884  
1  2  3  5  12  13  0.973473  
1  2  4  5  7  11  0.985531  
1  2  4  5  7  12  0.981511  
1  2  4  5  11  12  0.981511  
1  2  4  5  7  13  0.975884  
1  2  4  5  11  13  0.975884  
1  2  4  5  12  13  0.973473  
1  2  3  7  10  12  0.953376  
1  2  3  7  11  12  0.981511  
1  2  3  7  11  13  0.975884  
1  2  3  7  12  13  0.973473  
1  2  4  7  11  12  0.981511  
1  2  4  7  11  13  0.975884  
1  2  4  7  12  13  0.973473  
1  2  5  7  10  12  0.953376  
1  2  5  7  11  12  0.981511  
1  2  5  7  11  13  0.975884  
1  2  5  7  12  13  0.973473  
1  2  3  11  12  13  0.973473  
1  2  4  11  12  13  0.973473  
1  2  5  11  12  13  0.973473  
1  2  7  11  12  13  0.973473  
1  3  4  5  7  11  0.985531  
1  3  4  5  7  12  0.981511  
1  3  4  5  11  12  0.981511  
1  3  4  5  7  13  0.975884  
1  3  4  5  11  13  0.975884  
1  3  4  5  12  13  0.973473  
1  3  4  7  11  12  0.981511  
1  3  4  7  11  13  0.975884  
1  3  4  7  12  13  0.973473  
1  3  5  7  10  12  0.953376  
1  3  5  7  11  12  0.981511  
1  3  5  7  11  13  0.975884  
1  3  5  7  12  13  0.973473  
1  3  4  11  12  13  0.973473  
1  3  5  11  12  13  0.973473  
1  3  7  11  12  13  0.973473  
2  3  4  5  7  11  0.992424  
2  3  4  5  7  12  0.986994  
2  3  4  5  11  12  0.986742  
2  3  4  5  7  13  0.991329  
2  3  4  5  11  13  0.991329  
2  3  4  5  12  13  0.984104  
2  3  4  7  11  12  0.986742  
2  3  4  7  11  13  0.991329  
2  3  4  7  12  13  0.982659  
2  3  5  7  10  12  0.983871  
2  3  5  7  11  12  0.986742  
2  3  5  7  11  13  0.991667  
2  3  5  7  12  13  0.989516  
2  3  7  10  12  14  0.953061  
2  3  4  11  12  13  0.984104  
2  3  5  11  12  13  0.986742  
2  3  7  11  12  13  0.986742  
1  4  5  7  11  12  0.981511  
1  4  5  7  11  13  0.975884  
1  4  5  7  12  13  0.973473  
1  4  5  11  12  13  0.973473  
1  4  7  11  12  13  0.973473  
2  4  5  7  11  12  0.986742  
2  4  5  7  11  13  0.991329  
2  4  5  7  12  13  0.982659  
2  4  5  11  12  13  0.984104  
2  4  7  11  12  13  0.982659  
3  4  5  7  11  12  0.986742  
3  4  5  7  11  13  0.991329  
3  4  5  7  12  13  0.982659  
3  4  5  11  12  13  0.984104  
3  4  7  11  12  13  0.982659  
1  5  7  11  12  13  0.973473  
2  5  7  11  12  13  0.986742  
3  5  7  11  12  13  0.986742  
4  5  7  11  12  13  0.982659  

37
3  4  5  7  11  12  13  0.982659  
2  4  5  7  11  12  13  0.982659  
1  4  5  7  11  12  13  0.973473  
2  3  5  7  11  12  13  0.986742  
2  3  4  7  11  12  13  0.982659  
2  3  4  5  11  12  13  0.984104  
2  3  4  5  7  12  13  0.982659  
2  3  4  5  7  11  13  0.991329  
2  3  4  5  7  11  12  0.986742  
1  3  5  7  11  12  13  0.973473  
1  3  4  7  11  12  13  0.973473  
1  3  4  5  11  12  13  0.973473  
1  3  4  5  7  12  13  0.973473  
1  3  4  5  7  11  13  0.975884  
1  3  4  5  7  11  12  0.981511  
1  2  5  7  11  12  13  0.973473  
1  2  4  7  11  12  13  0.973473  
1  2  3  7  11  12  13  0.973473  
1  2  4  5  11  12  13  0.973473  
1  2  4  5  7  12  13  0.973473  
1  2  4  5  7  11  13  0.975884  
1  2  4  5  7  11  12  0.981511  
1  2  3  5  11  12  13  0.973473  
1  2  3  5  7  12  13  0.973473  
1  2  3  5  7  11  13  0.975884  
1  2  3  5  7  11  12  0.981511  
1  2  3  5  7  10  12  0.953376  
1  2  3  4  11  12  13  0.973473  
1  2  3  4  7  12  13  0.973473  
1  2  3  4  5  12  13  0.973473  
1  2  3  4  7  11  13  0.975884  
1  2  3  4  7  11  12  0.981511  
1  2  3  4  5  11  13  0.975884  
1  2  3  4  5  11  12  0.981511  
1  2  3  4  5  7  13  0.975884  
1  2  3  4  5  7  12  0.981511  
1  2  3  4  5  7  11  0.985531  

9
1  2  3  4  5  7  11  12  0.981511  
1  2  3  4  5  7  11  13  0.975884  
1  2  3  4  5  7  12  13  0.973473  
1  2  3  4  5  11  12  13  0.973473  
1  2  3  4  7  11  12  13  0.973473  
1  2  3  5  7  11  12  13  0.973473  
1  2  4  5  7  11  12  13  0.973473  
1  3  4  5  7  11  12  13  0.973473  
2  3  4  5  7  11  12  13  0.982659  

1
1  2  3  4  5  7  11  12  13  0.973473  


