Number of Colocation patterns on this size : 16
16  1.000000  
15  1.000000  
14  1.000000  
13  1.000000  
12  1.000000  
11  1.000000  
10  1.000000  
9  1.000000  
8  1.000000  
7  1.000000  
6  1.000000  
5  1.000000  
4  1.000000  
3  1.000000  
2  1.000000  
1  1.000000  

Number of Colocation patterns on this size : 35
1  4  0.800152  
3  4  0.987313  
3  5  0.864727  
4  5  0.880286  
3  6  0.998341  
4  6  0.998482  
5  6  0.866419  
3  7  0.932751  
4  7  0.932010  
5  7  0.897751  
6  7  0.886071  
3  8  0.879881  
6  8  0.808658  
3  13  0.950116  
4  13  0.940252  
5  13  0.903226  
6  13  0.965742  
7  13  0.903885  
8  13  0.933948  
3  14  0.998512  
4  14  0.999033  
5  14  0.900632  
6  14  0.999256  
7  14  0.932837  
8  14  0.897136  
13  14  0.978356  
3  15  0.988718  
4  15  0.968987  
5  15  0.904453  
6  15  0.988049  
7  15  0.936842  
8  15  0.888259  
13  15  0.974899  
14  15  0.991967  
13  16  0.888377  

Number of Colocation patterns on this size : 64
13  14  15  0.972183  
8  14  15  0.888259  
7  14  15  0.925251  
6  14  15  0.988049  
5  14  15  0.894980  
4  14  15  0.968987  
3  14  15  0.988718  
8  13  15  0.880162  
8  13  14  0.886501  
7  13  15  0.871166  
7  13  14  0.903885  
6  13  15  0.955650  
6  13  14  0.965742  
5  13  15  0.879352  
5  13  14  0.879658  
4  13  15  0.934288  
4  13  14  0.940252  
3  13  15  0.944475  
3  13  14  0.950116  
6  8  15  0.801753  
6  8  14  0.808658  
3  8  15  0.867493  
3  8  14  0.879881  
3  8  13  0.854330  
6  7  15  0.875979  
6  7  14  0.886071  
6  7  13  0.854734  
5  7  15  0.825911  
5  7  14  0.832057  
5  7  13  0.815951  
4  7  15  0.917372  
4  7  14  0.932010  
4  7  13  0.897636  
3  7  15  0.922686  
3  7  14  0.932168  
3  7  13  0.892822  
5  6  15  0.859381  
5  6  14  0.866419  
5  6  13  0.832293  
4  6  15  0.968553  
4  6  14  0.998482  
4  6  13  0.940252  
4  6  7  0.885274  
3  6  15  0.986589  
3  6  14  0.998215  
3  6  13  0.948899  
3  6  8  0.808392  
3  6  7  0.885407  
4  5  15  0.875190  
4  5  14  0.880286  
4  5  13  0.833116  
4  5  7  0.846454  
4  5  6  0.865755  
3  5  15  0.853003  
3  5  14  0.864727  
3  5  13  0.843823  
3  5  7  0.811857  
3  5  6  0.863400  
3  4  15  0.967686  
3  4  14  0.986879  
3  4  13  0.936998  
3  4  7  0.930492  
3  4  6  0.985361  
3  4  5  0.863621  

Number of Colocation patterns on this size : 71
3  4  5  6  0.863400  
3  4  5  7  0.811857  
3  4  6  7  0.884345  
3  4  5  13  0.833116  
3  4  6  13  0.936998  
3  4  7  13  0.892822  
3  4  5  14  0.863621  
3  4  6  14  0.985361  
3  4  7  14  0.930492  
3  4  13  14  0.936998  
3  4  5  15  0.853003  
3  4  6  15  0.967252  
3  4  7  15  0.915203  
3  4  13  15  0.933312  
3  4  14  15  0.967686  
3  5  6  13  0.832293  
3  5  6  14  0.863400  
3  5  7  14  0.811857  
3  5  13  14  0.843823  
3  5  6  15  0.852782  
3  5  7  15  0.808096  
3  5  13  15  0.832983  
3  5  14  15  0.853003  
4  5  6  13  0.832160  
4  5  7  13  0.803080  
4  5  6  14  0.865755  
4  5  7  14  0.831685  
4  5  13  14  0.833116  
4  5  6  15  0.859248  
4  5  7  15  0.825911  
4  5  13  15  0.827803  
4  5  14  15  0.875190  
3  6  7  13  0.854070  
3  6  7  14  0.885407  
3  6  8  14  0.808392  
3  6  13  14  0.948899  
3  6  7  15  0.875050  
3  6  8  15  0.801753  
3  6  13  15  0.944365  
3  6  14  15  0.986589  
4  6  7  13  0.854468  
4  6  7  14  0.885274  
4  6  13  14  0.940252  
4  6  7  15  0.875581  
4  6  13  15  0.934288  
4  6  14  15  0.968553  
5  6  13  14  0.832293  
5  6  13  15  0.825521  
5  6  14  15  0.859381  
3  7  13  14  0.892822  
3  7  13  15  0.869121  
3  7  14  15  0.922686  
4  7  13  14  0.897636  
4  7  13  15  0.871166  
4  7  14  15  0.917372  
5  7  13  14  0.812718  
5  7  13  15  0.802429  
5  7  14  15  0.825911  
6  7  13  14  0.854734  
6  7  13  15  0.850086  
6  7  14  15  0.875979  
3  8  13  14  0.854330  
3  8  13  15  0.853003  
3  8  14  15  0.867493  
6  8  14  15  0.801753  
3  13  14  15  0.944475  
4  13  14  15  0.934288  
5  13  14  15  0.873410  
6  13  14  15  0.955650  
7  13  14  15  0.871166  
8  13  14  15  0.880162  

Number of Colocation patterns on this size : 45
3  8  13  14  15  0.853003  
6  7  13  14  15  0.850086  
5  7  13  14  15  0.802429  
4  7  13  14  15  0.871166  
3  7  13  14  15  0.869121  
5  6  13  14  15  0.825521  
4  6  13  14  15  0.934288  
4  6  7  14  15  0.875581  
4  6  7  13  15  0.849821  
4  6  7  13  14  0.854468  
3  6  13  14  15  0.944365  
3  6  8  14  15  0.801753  
3  6  7  14  15  0.875050  
3  6  7  13  15  0.848891  
3  6  7  13  14  0.854070  
4  5  13  14  15  0.827803  
4  5  7  14  15  0.825911  
4  5  6  14  15  0.859248  
4  5  7  13  15  0.800260  
4  5  7  13  14  0.803080  
4  5  6  13  15  0.825388  
4  5  6  13  14  0.832160  
3  5  13  14  15  0.832983  
3  5  7  14  15  0.808096  
3  5  6  14  15  0.852782  
3  5  6  13  15  0.825521  
3  5  6  13  14  0.832293  
3  4  13  14  15  0.933312  
3  4  7  14  15  0.915203  
3  4  6  14  15  0.967252  
3  4  5  14  15  0.853003  
3  4  7  13  15  0.869121  
3  4  7  13  14  0.892822  
3  4  6  13  15  0.933312  
3  4  6  13  14  0.936998  
3  4  5  13  15  0.827695  
3  4  5  13  14  0.833116  
3  4  6  7  15  0.874651  
3  4  6  7  14  0.884345  
3  4  6  7  13  0.853804  
3  4  5  7  15  0.808096  
3  4  5  7  14  0.811857  
3  4  5  6  15  0.852782  
3  4  5  6  14  0.863400  
3  4  5  6  13  0.832160  

Number of Colocation patterns on this size : 15
3  4  5  6  13  14  0.832160  
3  4  5  6  13  15  0.825388  
3  4  5  6  14  15  0.852782  
3  4  5  7  14  15  0.808096  
3  4  6  7  13  14  0.853804  
3  4  6  7  13  15  0.848626  
3  4  6  7  14  15  0.874651  
3  4  5  13  14  15  0.827695  
3  4  6  13  14  15  0.933312  
3  4  7  13  14  15  0.869121  
3  5  6  13  14  15  0.825521  
4  5  6  13  14  15  0.825388  
4  5  7  13  14  15  0.800260  
3  6  7  13  14  15  0.848891  
4  6  7  13  14  15  0.849821  

Number of Colocation patterns on this size : 2
3  4  6  7  13  14  15  0.848626  
3  4  5  6  13  14  15  0.825388  


