1,-156.68177,20.88321
2,-156.67859,20.8772
3,-156.47426,20.88891
4,-156.4633,20.88181
5,-156.45563,20.88118
6,-156.45355,20.73723
7,-156.4453,20.78021
8,-156.34584,20.84146
9,-155.99588,19.64235
10,-155.9889,19.64723
11,-155.88742,19.92003
12,-155.74224,19.846
13,-155.08264,19.71978
14,-155.06199,19.69521
15,-157.86276,21.31058
16,-157.86246,21.30831
17,-157.86149,21.30847
18,-157.8609,21.30759
19,-157.85832,21.30691
20,-157.85298,21.29371
21,-157.85222,21.29304
22,-157.8521,21.29301
23,-157.84709,21.29309
24,-158.11527,21.34419
25,-158.0274,21.34273
26,-158.00614,21.40368
27,-157.95085,21.3907
28,-157.94202,21.38649
29,-157.9313,21.37067
30,-157.92988,21.37618
31,-157.91483,21.33525
32,-157.91054,21.39371
33,-157.83821,21.28508
34,-157.83263,21.27913
35,-157.83056,21.27957
36,-157.82937,21.27955
37,-157.82851,21.28005
38,-157.8285,21.27869
39,-157.82703,21.28014
40,-157.82329,21.27841
41,-157.81386,21.27851
42,-157.81036,21.30977
43,-157.78757,21.27852
44,-157.713,21.282
45,-157.705,21.27608
46,-157.78554,21.40587
47,-157.74034,21.39356
48,-158.10278,21.59005
49,-158.01202,21.46285
50,-158.00185,21.47434
51,-159.39628,21.97067
52,-159.32059,22.06181
53,-120.62528,35.13619
54,-120.60971,35.12097
55,-120.60564,35.12078
56,-120.59163,35.12425
57,-120.48515,35.03654
58,-120.45743,34.65985
59,-120.44726,34.86513
60,-120.43601,34.91824
61,-120.43573,34.91445
62,-120.41829,34.86496
63,-119.86958,34.43017
64,-119.85532,34.41329
65,-119.83048,34.44271
66,-119.75286,34.44037
67,-119.74711,34.4404
68,-119.72371,34.40187
69,-119.7048,34.42373
70,-119.69951,34.41983
71,-119.69584,34.41711
72,-119.63479,34.43231
73,-121.9073,36.54271
74,-121.8998,36.58459
75,-121.89454,36.59563
76,-121.82817,36.58213
77,-121.43608,36.51442
78,-121.32156,36.41741
79,-120.84188,35.36727
80,-120.82812,35.31065
81,-120.7059,35.28279
82,-120.69642,35.58413
83,-120.68716,35.64087
84,-120.6807,35.61492
85,-120.67708,35.26357
86,-120.67026,35.29383
87,-120.66525,35.47423
88,-120.66288,35.48475
89,-120.6618,35.28056
90,-120.65919,35.622
91,-120.6589,35.61573
92,-120.64397,35.24993
93,-120.64346,35.24904
94,-120.36414,36.13637
95,-119.78108,36.30955
96,-119.6727,36.29021
97,-119.65715,36.32801
98,-119.643,36.32341
99,-122.43359,37.4684
100,-122.22862,37.45545
101,-122.22416,37.46662
102,-122.22333,37.47755
103,-122.21829,37.474
104,-122.21236,37.46957
105,-122.2016,37.43185
106,-122.19712,37.42447
107,-122.19703,37.43233
108,-122.18584,37.47835
109,-122.18017,37.45232
110,-122.16182,37.44571
111,-122.15198,37.47831
112,-122.14912,37.42773
113,-122.14434,37.42689
114,-122.13715,37.45881
115,-122.13429,37.41881
116,-122.12814,37.43268
117,-122.12567,37.41333
118,-122.121,37.39287
119,-122.11661,37.37837
120,-122.09597,37.39074
121,-122.09268,37.41147
122,-122.0878,37.37329
123,-122.08722,37.3724
124,-122.08306,37.3873
125,-122.05672,37.37319
126,-122.50382,37.59517
127,-122.48376,37.58278
128,-122.42466,37.62653
129,-122.42139,37.63716
130,-122.42092,37.63629
131,-122.41976,37.6354
132,-122.4111,37.62462
133,-122.41066,37.65523
134,-122.40224,37.65316
135,-122.39384,37.60264
136,-122.38526,37.59602
137,-122.33738,37.5201
138,-122.32555,37.53299
139,-122.32423,37.56285
140,-122.31408,37.55221
141,-122.3003,37.53731
142,-122.29375,37.51065
143,-122.2919,37.54335
144,-122.29036,37.52999
145,-122.28244,37.56205
146,-122.27568,37.52001
147,-122.27563,37.55555
148,-122.27532,37.51971
149,-122.27462,37.56077
150,-122.26116,37.50651
151,-122.25634,37.55423
152,-122.2527,37.52142
153,-122.23415,37.4856
154,-122.2322,37.48397
155,-122.22388,37.49061
156,-122.36486,37.58595
157,-122.346,37.57927
158,-122.33392,37.57984
159,-122.31937,37.56742
160,-122.11023,37.65323
161,-122.08983,37.65227
162,-122.08944,37.64843
163,-122.07028,37.60041
164,-122.06969,37.61763
165,-122.06407,37.60715
166,-122.06149,37.64418
167,-122.49046,37.73395
168,-122.476,37.66049
169,-122.47562,37.72786
170,-122.4709,37.70163
171,-122.47032,37.6741
172,-122.46916,37.71071
173,-122.4688,37.66802
174,-122.46739,37.69961
175,-122.46707,37.73966
176,-122.4641,37.69791
177,-122.43793,37.74366
178,-122.43414,37.73405
179,-122.43408,37.73417
180,-122.47712,37.76351
181,-122.46578,37.76406
182,-122.45599,37.76391
183,-122.45288,37.74455
184,-122.47781,37.78021
185,-122.46603,37.78473
186,-122.45322,37.78643
187,-122.44633,37.77568
188,-122.44627,37.77569
189,-122.4349,37.76074
190,-122.43172,37.75129
191,-122.43128,37.76447
192,-122.41042,37.76288
193,-122.40905,37.76555
194,-122.40247,37.76534
195,-122.43989,37.7857
196,-122.43268,37.78329
197,-122.42708,37.76881
198,-122.41755,37.77643
199,-122.41514,37.7783
200,-122.41304,37.77488
201,-122.41166,37.78115
202,-122.41047,37.78702
203,-122.40935,37.78547
204,-122.40804,37.78393
205,-122.40794,37.78641
206,-122.4044,37.78639
207,-122.40411,37.78434
208,-122.40393,37.78421
209,-122.40083,37.78769
210,-122.40034,37.78495
211,-122.39672,37.78553
212,-122.39636,37.7784
213,-122.3941,37.77645
214,-122.3937,37.77676
215,-122.43399,37.78997
216,-122.43048,37.79771
217,-122.42218,37.78995
218,-122.42186,37.78847
219,-122.42176,37.79657
220,-122.40679,37.78931
221,-122.43838,37.80054
222,-122.43357,37.80436
223,-122.42008,37.8067
224,-122.41712,37.80711
225,-122.4054,37.79025
226,-122.40343,37.79275
227,-122.40239,37.79477
228,-122.40203,37.7894
229,-122.402,37.79141
230,-122.40142,37.7949
231,-122.40106,37.78891
232,-122.40087,37.79766
233,-122.40068,37.79019
234,-122.40036,37.79541
235,-122.3997,37.79321
236,-122.39964,37.79241
237,-122.39903,37.79103
238,-122.39816,37.79181
239,-122.39816,37.79711
240,-122.39757,37.79225
241,-122.39688,37.79359
242,-122.39626,37.7935
243,-122.39603,37.79081
244,-122.39508,37.78922
245,-122.39414,37.79231
246,-122.39351,37.79457
247,-122.39242,37.79131
248,-122.38864,37.78943
249,-122.40278,37.80134
250,-122.40192,37.80281
251,-122.1992,37.73789
252,-122.18095,37.71797
253,-122.16395,37.73536
254,-122.16248,37.71225
255,-122.15572,37.72282
256,-122.142,37.71489
257,-122.13987,37.73337
258,-122.1385,37.68681
259,-122.13,37.68665
260,-122.12857,37.6822
261,-122.12761,37.70219
262,-122.08619,37.69437
263,-122.08606,37.67247
264,-122.08444,37.67256
265,-122.07787,37.69598
266,-122.07392,37.69629
267,-122.05754,37.69293
268,-122.28079,37.83027
269,-122.27759,37.78823
270,-122.27654,37.80047
271,-122.27612,37.77967
272,-122.27367,37.80014
273,-122.26921,37.81047
274,-122.2534,37.75711
275,-122.25224,37.75664
276,-122.25212,37.82671
277,-122.24383,37.81077
278,-122.24324,37.76369
279,-122.23011,37.77419
280,-122.20931,37.82643
281,-122.53834,37.88083
282,-122.53,37.89341
283,-122.5136,37.89991
284,-122.51306,37.89858
285,-122.51187,37.87315
286,-122.48038,37.85464
287,-122.5652,37.98003
288,-122.5458,38.00767
289,-122.5307,37.92661
290,-122.52817,37.97312
291,-122.52369,37.94577
292,-122.51888,37.97085
293,-122.51512,37.93137
294,-122.50932,37.94831
295,-122.38497,37.92624
296,-122.30794,37.8853
297,-122.30224,37.83718
298,-122.30178,37.89909
299,-122.29443,37.83775
300,-122.29229,37.84673
301,-122.2799,37.89132
302,-122.26918,37.87831
303,-122.26781,37.86892
304,-122.26582,37.87041
305,-122.25186,37.83498
306,-122.19174,37.8838
307,-122.18234,37.87901
308,-122.12982,37.83505
309,-122.12422,37.8577
310,-122.12022,37.89187
311,-122.11978,37.8919
312,-122.10514,37.89527
313,-122.06445,37.90639
314,-122.06152,37.8962
315,-122.06008,37.89811
316,-122.05854,37.89713
317,-122.05777,37.89777
318,-122.33619,37.9738
319,-122.321,37.92886
320,-122.30757,37.99083
321,-122.30323,37.9916
322,-122.29519,37.97812
323,-122.11932,37.99378
324,-122.10308,37.99395
325,-122.09249,37.95761
326,-122.08652,37.92491
327,-122.06333,37.94521
328,-122.06248,37.96713
329,-122.06206,37.92681
330,-122.0601,37.94921
331,-122.06005,37.95025
332,-122.05672,37.97991
333,-122.05639,37.94525
334,-121.90033,36.61613
335,-121.89461,36.59866
336,-121.85589,36.60758
337,-121.8543,36.59729
338,-121.84222,36.62277
339,-121.79966,36.68755
340,-121.77812,36.93849
341,-121.77346,36.91689
342,-121.66579,36.7918
343,-121.66499,36.70877
344,-121.6641,36.79209
345,-121.65942,36.65797
346,-121.656,36.72067
347,-121.65433,36.71227
348,-121.64739,36.66001
349,-121.6252,36.69916
350,-121.39867,36.85357
351,-121.38816,36.83519
352,-121.38712,36.83427
353,-122.03043,37.04697
354,-122.02669,37.04523
355,-122.026,36.9739
356,-122.00751,37.06151
357,-121.96518,36.9767
358,-121.96486,36.97659
359,-121.90752,36.97871
360,-121.90039,36.9765
361,-121.64161,37.11108
362,-121.63868,37.11457
363,-121.62331,37.10019
364,-121.58936,37.01361
365,-121.58663,37.01354
366,-121.56362,37.02317
367,-121.56006,37.01846
368,-121.96566,37.23606
369,-121.90706,37.25193
370,-122.03242,37.25898
371,-122.03224,37.28013
372,-121.99419,37.28807
373,-121.99019,37.2934
374,-121.98228,37.28591
375,-121.94992,37.30003
376,-121.94882,37.28091
377,-121.94578,37.26984
378,-121.9451,37.28701
379,-121.93239,37.26162
380,-121.93164,37.2949
381,-121.93161,37.29272
382,-121.9225,37.27591
383,-121.91796,37.26291
384,-121.91131,37.29441
385,-121.88775,37.24597
386,-121.86621,37.25059
387,-121.86408,37.22241
388,-121.86242,37.25061
389,-121.86189,37.221
390,-121.8613,37.25053
391,-121.85838,37.25016
392,-121.83066,37.23833
393,-121.82984,37.25127
394,-121.80012,37.25455
395,-121.77412,37.22999
396,-121.89338,37.27442
397,-121.87999,37.29222
398,-121.87644,37.25841
399,-121.87608,37.25949
400,-121.85488,37.27457
401,-121.85352,37.27456
402,-121.83417,37.26605
403,-121.82241,37.29963
404,-121.77854,37.28757
405,-121.7703,37.29794
406,-121.63806,37.13011
407,-121.63725,37.13005
408,-121.01585,37.09917
409,-120.8684,37.05681
410,-119.8757,36.75771
411,-119.80254,36.75769
412,-119.78574,36.7353
413,-119.78001,36.74289
414,-119.77927,36.74167
415,-119.71837,36.765
416,-119.7,36.7362
417,-119.698,36.73587
418,-119.86963,36.82627
419,-119.84786,36.80831
420,-119.84742,36.83743
421,-119.8285,36.82273
422,-119.82646,36.79076
423,-119.80841,36.80929
424,-119.80824,36.83695
425,-119.7908,36.84908
426,-119.79053,36.84573
427,-119.78712,36.77971
428,-119.78202,36.80864
429,-119.77597,36.80849
430,-119.77457,36.87382
431,-119.77286,36.77961
432,-119.77225,36.8206
433,-119.75678,36.86485
434,-119.75488,36.79421
435,-119.74677,36.87777
436,-119.74072,36.80867
437,-119.72946,36.83755
438,-119.7261,36.83771
439,-119.72593,36.83772
440,-119.71311,36.80845
441,-119.70147,36.83699
442,-119.69588,36.80841
443,-119.68243,36.79198
444,-119.68102,36.80863
445,-119.68026,36.83727
446,-119.62592,36.8029
447,-120.48164,37.29989
448,-120.2554,37.12621
449,-120.08702,36.98175
450,-120.08178,36.95294
451,-122.04156,37.34093
452,-122.04144,37.32285
453,-122.0326,37.32293
454,-122.01428,37.337
455,-121.99376,37.33784
456,-121.99342,37.32308
457,-121.97789,37.3084
458,-121.96604,37.32794
459,-121.95124,37.32053
460,-121.95,37.31305
461,-121.94592,37.32336
462,-121.93904,37.34017
463,-121.93627,37.34599
464,-121.924,37.33395
465,-121.91372,37.32343
466,-121.91357,37.30422
467,-121.91277,37.33225
468,-121.90563,37.34071
469,-122.05062,37.35247
470,-122.04633,37.37873
471,-122.04139,37.3539
472,-122.0356,37.37239
473,-122.03505,37.36863
474,-122.02527,37.36197
475,-122.0183,37.35632
476,-122.01785,37.35602
477,-121.99713,37.35238
478,-121.98232,37.38779
479,-121.96705,37.35217
480,-121.96008,37.38613
481,-121.9381,37.3526
482,-121.9363,37.35125
483,-121.93552,37.35707
484,-121.92737,37.38531
485,-121.92274,37.36389
486,-121.9204,37.36392
487,-121.91955,37.36881
488,-121.8973,37.30364
489,-121.89264,37.33509
490,-121.89066,37.3319
491,-121.88902,37.32829
492,-121.88866,37.33372
493,-121.84231,37.3402
494,-121.84195,37.33897
495,-121.82578,37.32249
496,-121.82092,37.32581
497,-121.81872,37.32481
498,-121.80819,37.31321
499,-121.80774,37.31707
500,-121.80773,37.31688
501,-121.79391,37.31371
502,-121.8959,37.38288
503,-121.87308,37.37383
504,-121.84269,37.37057
505,-121.81937,37.35667
506,-121.944,37.40549
507,-121.92333,37.39805
508,-121.92115,37.42173
509,-121.91993,37.42845
510,-121.91699,37.44685
511,-121.90301,37.4464
512,-121.90074,37.43521
513,-121.89654,37.41239
514,-121.88563,37.43531
515,-122.05136,37.55166
516,-122.04802,37.55187
517,-122.03861,37.52999
518,-122.0212,37.58751
519,-122.0209,37.58898
520,-121.99893,37.53561
521,-121.9975,37.52509
522,-121.98972,37.52038
523,-121.9895,37.54463
524,-121.98812,37.54881
525,-121.97607,37.50381
526,-121.97567,37.55397
527,-121.96986,37.50459
528,-121.95337,37.51517
529,-121.9495,37.5119
530,-121.9295,37.49001
531,-121.92812,37.49098
532,-121.91855,37.52822
533,-121.17762,37.46515
534,-120.84902,37.47801
535,-121.00051,37.64075
536,-120.99029,37.64428
537,-120.97431,37.61045
538,-120.93878,37.60912
539,-120.88015,37.5218
540,-120.85339,37.48891
541,-120.85047,37.52243
542,-121.94374,37.72695
543,-121.93376,37.70273
544,-121.93134,37.72993
545,-121.9278,37.70456
546,-121.92686,37.71008
547,-121.92644,37.69249
548,-121.9079,37.70019
549,-121.90465,37.68172
550,-121.90368,37.68877
551,-121.88569,37.7062
552,-121.8733,37.67488
553,-121.87207,37.70273
554,-121.87166,37.71973
555,-121.81798,37.69871
556,-121.77761,37.67898
557,-121.77416,37.69107
558,-121.74754,37.70058
559,-121.74463,37.69591
560,-122.00336,37.82426
561,-122.00004,37.82169
562,-121.97491,37.77321
563,-121.97392,37.78066
564,-121.96487,37.76395
565,-121.94984,37.76244
566,-121.92142,37.79867
567,-121.91718,37.79863
568,-121.74282,37.69831
569,-121.72416,37.71807
570,-121.72135,37.7044
571,-121.45156,37.73953
572,-121.4478,37.73953
573,-121.43472,37.72573
574,-121.46356,37.78318
575,-121.46281,37.7568
576,-121.43428,37.76155
577,-122.04669,37.93356
578,-122.04133,37.97338
579,-122.04023,37.92693
580,-122.03627,37.95821
581,-122.03378,37.85015
582,-122.03372,37.97667
583,-122.03199,37.84926
584,-122.03166,37.97762
585,-122.0312,37.99477
586,-122.0247,37.93843
587,-122.01606,37.92676
588,-121.99315,37.97776
589,-121.99013,37.96385
590,-121.95623,37.95279
591,-121.95613,37.95159
592,-121.87356,37.99797
593,-121.806,38.00387
594,-121.80574,37.99699
595,-121.78601,37.96797
596,-121.78467,37.96744
597,-121.73977,37.94717
598,-121.72856,37.92537
599,-121.69699,37.92545
600,-121.69053,37.92551
601,-121.64057,37.88994
602,-121.28689,37.8269
603,-121.21271,37.8132
604,-121.13542,37.73997
605,-121.10229,37.75089
606,-121.07317,37.70001
607,-121.05936,37.68846
608,-121.05,37.69883
609,-121.04986,37.68789
610,-121.03127,37.66905
611,-121.00369,37.66022
612,-120.99428,37.68915
613,-120.9941,37.67283
614,-120.99404,37.67253
615,-120.97582,37.67711
616,-120.9584,37.711
617,-120.9581,37.711
618,-120.95746,37.73265
619,-120.95109,37.66349
620,-120.84768,37.76637
621,-121.34696,37.98423
622,-121.31976,38.00874
623,-121.3129,37.99583
624,-121.30205,37.97383
625,-121.29041,37.95487
626,-120.73576,37.38811
627,-120.4783,37.31932
628,-120.46165,37.33212
629,-119.66002,37.33378
630,-119.64336,37.34057
631,-120.33135,37.94205
632,-122.72064,38.34888
633,-122.72032,38.34885
634,-122.70964,38.34751
635,-122.60361,38.12202
636,-122.57292,38.10343
637,-122.56942,38.10584
638,-122.55608,38.09235
639,-122.2807,38.0113
640,-122.26391,38.16585
641,-122.2637,38.16585
642,-122.26122,38.02135
643,-122.25527,38.12143
644,-122.23763,38.12317
645,-122.23359,38.08481
646,-122.2281,38.09459
647,-122.22127,38.13481
648,-122.2185,38.10597
649,-122.21199,38.1055
650,-122.16432,38.06638
651,-122.13696,38.01705
652,-122.67746,38.33609
653,-122.66889,38.27709
654,-122.64047,38.23441
655,-122.62878,38.25086
656,-122.62444,38.23545
657,-122.62193,38.24699
658,-122.596,38.23449
659,-122.47526,38.29874
660,-122.30718,38.32152
661,-122.30218,38.30723
662,-122.30057,38.3227
663,-122.30011,38.32239
664,-122.28744,38.32479
665,-122.2745,38.28375
666,-122.14298,38.21495
667,-122.12997,38.22029
668,-122.06965,38.2598
669,-122.05621,38.25829
670,-122.87148,38.60915
671,-122.83925,38.40825
672,-122.82598,38.40481
673,-122.8176,38.39191
674,-122.80722,38.55487
675,-122.80598,38.54827
676,-122.7515,38.4507
677,-122.75124,38.45052
678,-122.7502,38.5001
679,-122.74145,38.40757
680,-122.73593,38.47968
681,-122.7208,38.47298
682,-122.71752,38.46183
683,-122.71741,38.43996
684,-122.71722,38.45585
685,-122.71719,38.46115
686,-122.71344,38.41891
687,-122.71183,38.44045
688,-122.71128,38.42971
689,-122.70291,38.44611
690,-122.6936,38.36238
691,-122.6883,38.43395
692,-122.67438,38.45883
693,-122.6729,38.43861
694,-122.6675,38.42691
695,-122.65322,38.46515
696,-123.20666,39.14441
697,-123.20084,39.15097
698,-123.19813,39.15154
699,-122.05253,38.27331
700,-122.04382,38.24935
701,-122.0342,38.25832
702,-122.03386,38.29057
703,-122.02014,38.24551
704,-121.99583,38.34352
705,-121.98634,38.35379
706,-121.98287,38.35889
707,-121.97046,38.33613
708,-121.96338,38.35955
709,-121.96326,38.36046
710,-121.89122,38.01191
711,-121.88969,38.0164
712,-121.8696,38.01294
713,-121.37644,38.05661
714,-121.37531,38.05133
715,-121.36123,38.03314
716,-121.34332,38.11575
717,-121.32409,38.01239
718,-121.30424,38.11548
719,-121.29528,38.01969
720,-121.27358,38.13557
721,-121.0604,38.1187
722,-120.8945,38.18271
723,-121.96039,38.36486
724,-121.84283,38.4568
725,-121.5225,38.49553
726,-121.5035,38.48127
727,-121.50334,38.49126
728,-121.49411,38.53488
729,-121.45753,38.49601
730,-121.44714,38.42325
731,-121.44612,38.42305
732,-121.76944,38.56219
733,-121.7606,38.54634
734,-121.80093,38.67756
735,-121.7469,38.67542
736,-121.74005,38.54368
737,-121.72424,38.54021
738,-121.55531,38.59123
739,-121.55129,38.56931
740,-121.51721,38.61243
741,-121.50382,38.58296
742,-121.5004,38.57962
743,-121.49934,38.58303
744,-121.49777,38.58015
745,-121.49699,38.61281
746,-121.49475,38.58077
747,-121.49466,38.56214
748,-121.4887,38.5771
749,-121.48749,38.5724
750,-121.48656,38.58085
751,-121.48514,38.56813
752,-121.48128,38.57693
753,-121.46916,38.55221
754,-121.46702,38.56811
755,-121.46535,38.57241
756,-121.46214,38.55939
757,-121.45546,38.57034
758,-121.43824,38.55829
759,-121.43688,38.56812
760,-121.7423,38.66267
761,-121.59305,38.69272
762,-121.59181,38.68099
763,-121.58686,38.69073
764,-121.53029,38.64281
765,-121.52203,38.65599
766,-121.51385,38.63672
767,-121.50306,38.63665
768,-121.49775,38.62719
769,-121.49216,38.63856
770,-121.45672,38.64343
771,-121.41846,38.43801
772,-121.41798,38.42349
773,-121.41787,38.4235
774,-121.41763,38.39191
775,-121.4108,38.48157
776,-121.4096,38.48147
777,-121.40382,38.45246
778,-121.39574,38.40897
779,-121.3912,38.42521
780,-121.37286,38.4235
781,-121.3718,38.45387
782,-121.37176,38.4534
783,-121.35362,38.40907
784,-121.42692,38.59956
785,-121.41676,38.59615
786,-121.41469,38.57292
787,-121.41014,38.57461
788,-121.40913,38.54929
789,-121.40008,38.61855
790,-121.38651,38.59581
791,-121.38288,38.6134
792,-121.38288,38.57539
793,-121.36452,38.59559
794,-121.36081,38.54724
795,-121.33629,38.55814
796,-121.29234,38.59435
797,-121.28684,38.59371
798,-121.2657,38.58966
799,-121.26259,38.62617
800,-121.38324,38.64317
801,-121.35524,38.66107
802,-121.32798,38.63699
803,-121.32772,38.64944
804,-121.30874,38.66529
805,-121.30859,38.66344
806,-121.30842,38.66363
807,-121.29494,38.67815
808,-121.27622,38.67841
809,-121.27232,38.66316
810,-121.27165,38.67587
811,-121.22846,38.67854
812,-121.22538,38.67847
813,-121.2206,38.63091
814,-121.19288,38.6997
815,-121.17958,38.65556
816,-121.16368,38.67289
817,-121.16142,38.64815
818,-121.16136,38.64809
819,-121.1548,38.67131
820,-121.12339,38.6907
821,-121.11464,38.64505
822,-121.0691,38.64979
823,-120.97445,38.65813
824,-120.9699,38.65811
825,-120.84226,38.71344
826,-120.842,38.71317
827,-120.83782,38.71038
828,-120.7213,38.3148
829,-120.55511,38.07991
830,-121.37699,38.71795
831,-121.34929,38.83881
832,-121.33003,38.7701
833,-121.32863,38.80031
834,-121.30944,38.75181
835,-121.29283,38.89113
836,-121.29275,38.89053
837,-121.28997,38.72935
838,-121.28912,38.79167
839,-121.28909,38.77727
840,-121.2843,38.7861
841,-121.27444,38.74453
842,-121.27288,38.8672
843,-121.27181,38.72551
844,-121.26588,38.79727
845,-121.2657,38.77323
846,-121.2657,38.77984
847,-121.26569,38.77258
848,-121.2522,38.74415
849,-121.24886,38.7496
850,-121.23933,38.77982
851,-121.23644,38.74575
852,-121.22604,38.74162
853,-121.22602,38.74119
854,-121.2231,38.79099
855,-121.19093,38.8186
856,-121.1891,38.74371
857,-121.0922,38.94251
858,-121.08057,38.87726
859,-121.07615,38.90395
860,-121.05816,38.92081
861,-121.64419,39.14813
862,-121.63262,39.14537
863,-121.62434,39.14161
864,-121.61593,39.10076
865,-121.58767,39.14495
866,-121.06774,39.20586
867,-121.03298,39.24311
868,-120.95134,39.09735
869,-120.7955,38.72893
870,-120.78684,38.73111
871,-120.01918,38.85283
872,-119.99899,38.90388
873,-119.9822,38.92764
874,-119.98206,38.9275
875,-119.97751,38.94211
876,-119.9709,38.94431
877,-119.96648,38.94463
878,-119.96159,38.94676
879,-119.94493,38.95485
880,-119.9388,38.96251
881,-119.93503,38.97022
882,-119.84648,39.00323
883,-119.7792,38.96926
884,-119.71065,38.91095
885,-120.30384,39.32627
886,-120.22269,39.18041
887,-120.19816,39.20822
888,-120.1203,39.2781
889,-120.03593,39.23878
890,-119.93878,39.24603
891,-119.77356,39.1103
892,-119.77334,39.19111
893,-119.77316,39.19059
894,-119.76748,39.14621
895,-119.76026,39.40246
896,-119.75878,39.41865
897,-119.75217,39.41206
898,-123.80607,39.43477
899,-122.21207,39.52579
900,-122.19726,39.8145
901,-124.16782,40.80167
902,-124.14752,40.79907
903,-124.14434,40.80484
904,-122.93219,40.727
905,-122.39227,40.58759
906,-122.38335,40.57526
907,-122.37084,40.61071
908,-122.35751,40.58639
909,-122.35231,40.57093
910,-122.22855,40.16845
911,-121.8593,39.73092
912,-121.8445,39.74581
913,-121.84342,39.75997
914,-121.84087,39.7294
915,-121.83566,39.73511
916,-121.82144,39.76107
917,-121.80154,39.7223
918,-119.9,39.6234
919,-119.88188,39.5333
920,-119.87851,39.52971
921,-119.86278,39.52609
922,-119.85504,39.48401
923,-119.82003,39.53005
924,-119.81812,39.50541
925,-119.8121,39.52743
926,-119.81036,39.52031
927,-119.80834,39.47653
928,-119.79117,39.48284
929,-119.78608,39.47112
930,-119.78345,39.46513
931,-119.76833,39.43969
932,-119.73374,39.55375
933,-119.7154,39.53916
934,-119.7077,39.56545
935,-119.70572,39.56451
936,-119.70347,39.66533
937,-120.6353,40.40981
938,-124.28799,42.05527
939,-124.10095,40.94025
940,-122.71402,42.19661
941,-122.6903,42.18466
942,-122.67286,42.18537
943,-121.75587,42.21049
944,-81.80344,24.55669
945,-99.50244,27.54603
946,-99.47131,27.57504
947,-99.449,27.51566
948,-98.2325,26.1892
949,-98.22468,26.23497
950,-98.21942,26.26583
951,-97.72089,26.18051
952,-97.70582,26.22388
953,-97.68539,26.21461
954,-97.50329,25.94331
955,-97.47772,25.92149
956,-97.37021,27.70725
957,-97.31918,27.88209
958,-97.04308,28.03526
959,-98.66019,29.44031
960,-98.6586,29.43927
961,-98.63799,29.52058
962,-98.61422,29.47181
963,-98.61054,29.47566
964,-98.57895,29.51007
965,-98.57611,29.53115
966,-98.56392,29.532
967,-98.55258,29.49161
968,-98.5425,29.35669
969,-98.53494,29.48355
970,-98.49928,29.51545
971,-98.49926,29.51695
972,-98.4888,29.42511
973,-98.48385,29.42282
974,-98.47959,29.49335
975,-98.47484,29.52777
976,-98.46288,29.47629
977,-98.45805,29.50701
978,-98.4365,29.3518
979,-98.43456,29.35178
980,-95.18836,29.50927
981,-95.1883,29.5093
982,-95.0877,29.50871
983,-95.07902,29.45105
984,-94.82936,29.26931
985,-94.828,29.2709
986,-94.82408,29.26877
987,-94.7935,29.30835
988,-94.7778,29.3097
989,-99.1714,30.06243
990,-98.72978,29.79397
991,-98.67951,29.56073
992,-98.6634,29.55024
993,-98.66095,29.54716
994,-98.62765,29.65907
995,-98.61323,29.60525
996,-98.59136,29.56189
997,-98.58733,29.55308
998,-98.57283,29.57168
999,-98.52036,29.53501
1000,-98.51018,29.60807
28351,-121.35061,38.64829
28352,-121.26901,38.11931
28353,-121.24975,36.01527
28354,-121.1651,38.67439
28355,-120.69708,35.74481
28356,-120.66456,35.28118
28357,-120.00614,38.91471
28358,-97.72688,30.26679
28359,-82.98772,30.30214
28360,-80.18339,26.32507
28361,-61.25134,51.50779
28362,-122.42664,38.91654
28363,-119.97345,38.93337
28364,-119.97304,38.94409
28365,-111.89207,40.77033
28366,-107.32031,39.53939
28367,-88.11342,43.07871
28368,-0.07604,51.50879
28369,-61.25134,26.32506
28370,-0.07604,51.5072
28371,-122.42664,26.32506
28372,-61.25134,38.91514
28373,-122.42664,26.32506
28374,-122.41559,37.77889
28375,-121.92024,37.53427
28376,-121.76708,38.67991
28377,-121.75544,38.54634
28378,-121.54482,38.58129
28379,-121.5361,36.84519
28380,-121.50702,38.56923
28381,-121.48032,38.49419
28382,-121.44611,38.63126
28383,-121.4372,38.50012
28384,-121.35061,38.64829
28385,-121.26901,38.11931
28386,-121.24975,36.01527
28387,-121.1651,38.67439
28388,-120.69708,35.74481
28389,-120.66456,35.28118
28390,-120.00614,38.91471
28391,-97.72688,30.26679
28392,-82.98772,30.30214
28393,-80.18339,26.32507
28394,-61.25134,51.50779
28395,-122.42664,38.91654
28396,-119.97345,38.93337
28397,-119.97304,38.94409
28398,-111.89207,40.77033
28399,-107.32031,39.53939
28400,-88.11342,43.07871
28401,-0.07604,51.50879
28402,-61.25134,26.32506
28403,-0.07604,51.5072
28404,-86.48082,28.3011
28405,-43.27843,39.90302
28406,-86.48082,28.3011
28407,-81.41543,28.30111
28408,-43.27843,51.50751
28409,-86.48082,39.90456
28410,-86.21772,43.06705
28411,-86.07852,42.79053
28412,-85.90931,42.97259
28413,-85.8614,42.84289
28414,-85.7922,42.90434
28415,-85.73615,42.97163
28416,-85.72948,42.88454
28417,-85.72316,42.81506
28418,-85.68952,43.04655
28419,-85.66654,42.96578
28420,-85.6639,42.89369
28421,-85.66332,42.95669
28422,-85.66063,42.97016
28423,-85.63967,42.9707
28424,-85.62463,42.85185
28425,-85.62387,42.98429
28426,-85.62306,42.95297
28427,-85.61212,43.11699
28428,-85.57993,43.06177
28429,-85.57298,42.91594
28430,-85.56858,42.93869
28431,-85.5398,42.94083
28432,-85.52574,42.83361
28433,-0.07604,51.50945
28434,-43.27843,28.3011
28435,-0.07604,51.5072
28436,-123.02328,35.16035
28437,-61.54966,43.33443
28438,-123.02328,35.16035
28439,-122.78295,37.95407
28440,-122.5295,37.81561
28441,-122.50947,37.77011
28442,-122.50866,37.76499
28443,-122.39396,37.18175
28444,-121.93372,36.63347
28445,-121.9016,36.30634
28446,-121.78104,36.25693
28447,-121.67212,36.15785
28448,-121.35914,35.81714
28449,-121.28434,35.66565
28450,-120.76085,35.16036
28451,-92.91446,41.40648
28452,-88.30574,41.87147
28453,-87.67602,42.06389
28454,-86.49342,42.11609
28455,-86.21248,42.7727
28456,-0.07604,51.50742
28457,-61.54966,35.16035
28458,-0.07604,51.5072
28459,-122.48486,30.25906
28460,-61.28045,40.88562
28461,-122.48486,30.25906
28462,-121.16148,38.69305
28463,-105.52085,40.37783
28464,-97.73468,30.26769
28465,-97.70004,30.25907
28466,-85.30409,35.03449
28467,-61.28045,51.50809
28468,-122.48486,40.88354
28469,-89.7736,43.62647
28470,-86.25688,41.66519
28471,-86.17941,41.66266
28472,-74.74692,41.8021
28473,-74.68194,41.65429
28474,-0.07604,51.50773
28475,-61.28045,30.25906
28476,-0.07604,51.5072
28477,-87.85528,28.1223
28478,-81.46202,28.49359
28479,-80.57759,28.12231
28480,-43.96566,51.50791
28481,-87.85528,39.81516
28482,-87.83966,42.73622
28483,-87.83732,42.71897
28484,-87.8078,42.78551
28485,-86.90168,40.04309
28486,-86.90107,40.04309
28487,-0.07604,51.50933
28488,-43.96566,28.1223
28489,-0.07604,51.5072
28490,-94.83428,28.2607
28491,-94.83427,29.26257
28492,-81.4403,28.30457
28493,-81.43577,28.26071
28494,-81.43438,28.26203
28495,-47.45516,51.50939
28496,-94.83428,39.88436
28497,-85.58608,42.92885
28498,-0.07604,51.50741
28499,-47.45516,28.2607
28500,-0.07604,51.5072
28501,-88.24553,27.97792
28502,-82.82761,27.97793
28503,-81.47007,28.43241
28504,-44.16078,51.50825
28505,-88.24553,39.74297
28506,-73.9299,41.76777
28507,-70.70829,44.05425
28508,-0.07604,51.50897
28509,-44.16078,27.97792
28510,-0.07604,51.62496
28511,-111.99536,36.09064
28512,-111.99535,41.09085
28513,-87.827,42.73187
28514,-81.95337,41.47195
28515,-79.789,36.09065
28516,-0.07604,51.62729
28517,-56.0357,36.09064
28518,-0.75621,51.62675
28519,-0.07604,51.5072
28520,-77.04666,36.94412
28521,-38.56135,44.22476
28522,-77.04666,36.94412
28523,-76.31902,36.94413
28524,-0.07604,51.50797
28525,-38.56135,36.94412
28526,-0.07604,51.5072
28527,-92.01668,30.26682
28528,-46.04636,40.88826
28529,-92.01668,30.26682
28530,-88.29602,32.48387
28531,-0.07604,51.50723
28532,-46.04636,30.26682
28533,-0.07604,51.5072
28534,-87.9927,42.95894
28535,-44.03437,47.23414
28536,-87.9927,42.95894
28537,-0.07604,51.50934
28538,-44.03437,42.95894
28539,-0.07604,51.5072
28540,-81.51314,28.32874
28541,-40.79459,39.92042
28542,-81.51314,28.32874
28543,-0.07604,51.50954
28544,-40.79459,28.32874
28545,-0.07604,51.5072
28546,-84.3662,33.80988
28547,-42.22112,42.6598
28548,-84.3662,33.80988
28549,-0.07604,51.50972
28550,-42.22112,33.80988
