1,7341.408506571762,868.4624878816256
2,7387.068787401604,954.7663473220002
3,7406.341339430012,886.2937466127935
4,7343.213663042549,879.0094598828716
5,7343.135773671313,890.4764389114041
6,7402.211811146383,876.9629621911719
7,7336.0683899294345,942.5829692937344
8,7318.621795437067,913.9702570411152
9,7335.37721631331,890.3273114356044
10,1508.202551484438,1807.5599145174656
11,1519.6902202077492,1818.884087279858
12,1431.7967464390285,1793.4677145130518
13,1482.2404812414475,1806.9304908801455
14,1522.103240755537,1811.2330970443852
15,1515.7040677556383,1799.9237181831777
16,1506.6861415347664,1789.519502149941
17,1490.4640631406571,1787.8153239272433
18,1478.8388700275134,1782.9125216981938
19,700.7292165633231,4370.637537481095
20,697.5323343868813,4321.303715696334
21,747.2614124777604,4317.061783817059
22,723.7445707997799,4350.751201113022
23,729.443960204663,4373.610683901299
24,676.7526380441586,4368.840019339985
25,748.6825785617361,4325.524103003318
26,757.9823838125928,4335.743055116707
27,722.45311616933,4371.633402138587
28,6605.56691403823,483.22441267670797
29,6647.228961339202,426.01557281184
30,6655.756447955217,500.7841713272258
31,6617.99318895517,489.03009107988856
32,6644.43225450759,466.21451653355143
33,6618.719228863882,475.4781009293963
34,6626.594892290688,438.5547713788803
35,6652.009129290033,467.4936052141202
36,6624.300322766038,495.440471872256
37,7159.90887734422,3274.1331403983477
38,7166.152995251817,3216.0688795324486
39,7177.146566845678,3291.8336553897366
40,7133.406175531772,3308.643332773752
41,7129.747278152845,3299.9898242058102
42,7141.331975215514,3235.418224001454
43,7171.492829615963,3221.4582802050836
44,7092.635558100313,3240.92215737133
45,7090.544737316005,3224.7296448897737
46,1819.0263449158633,7455.482977346364
47,1824.6758752155627,7480.976293422857
48,1818.9043252550657,7521.476147276656
49,1865.2295137828146,7455.888395697476
50,1787.6558220375673,7512.463213503081
51,1833.379832584784,7499.485873515681
52,1837.7048736421875,7462.185888252576
53,1819.9069421014492,7531.857844921082
54,1804.2133966335614,7474.7413094676685
55,5716.183693428603,4474.427294347938
56,5756.024285757297,4542.961961834667
57,5770.825672904609,4514.6927361739035
58,5783.800618901964,4522.526293306514
59,5743.554999431793,4520.819943297369
60,5747.910044933115,4495.226428355592
61,5756.488761022558,4538.396876991173
62,5730.634321138357,4552.9250190954945
63,5779.075277332218,4519.89784754812
64,2735.97625052037,1301.9947048634588
65,2715.580749989005,1296.8753467367824
66,2695.96659759396,1289.0355223033023
67,2667.676942445804,1324.756509180541
68,2706.1104218543855,1321.1871567241217
69,2655.4463145606114,1287.7773809204912
70,2682.842414448389,1346.638073405281
71,2656.191595972877,1303.453616239615
72,2724.0109571963844,1299.2723467945189
73,3807.6821659336188,8931.638663678783
74,3862.6487393620896,9001.803117578587
75,3878.6961449291734,8942.199448303609
76,3869.032951102998,8958.371737245321
77,3876.2124761422865,8962.464954356084
78,3801.632269938208,8933.974437680317
79,3866.206767584491,9006.604266832683
80,3802.8725473822537,8928.350442761492
81,3881.383869391461,8925.69620264833
82,878.3379957603669,548.5357295375347
83,866.7365385651258,565.267986852197
84,863.6256755230447,577.5732170717984
85,812.1342775884775,546.9857628372164
86,848.8440486884834,546.4119812037513
87,814.2181081124846,595.4960867499526
88,888.4218919578302,554.8849119550058
89,827.24279963768,595.8951973398985
90,850.8475978436406,584.430226531152
91,855.4437810624875,574.1394431944376
92,810.6330615734415,607.4630935795938
93,881.8514237982796,585.7379128041192
94,820.0763687146648,603.6898692490316
95,799.3678261117968,621.6261752665314
96,805.2835417120824,596.179807567331
97,861.9627911686863,577.1417740175373
98,871.5782773694066,624.6128411720357
99,857.0015271755315,582.0933605197812
100,7564.458946415816,6073.51469796865
101,7549.868100452346,6079.288865688696
102,7485.0239982422345,6077.095342578365
103,7497.654814086273,6103.918793021153
104,7570.747062686314,6089.582236943537
105,7504.117418309296,6058.757063372081
106,7482.774523260834,6035.542154636387
107,7580.245882573093,6060.548605888464
108,7518.350797934046,6118.193327712818
109,7566.284250666409,6068.1266447427215
110,7510.127606644162,6125.897027241074
111,7538.449275268782,6095.883775339598
112,7549.707663115468,6059.3164239887765
113,7567.790159997406,6072.492730975883
114,7516.787367383131,6093.357928692617
115,7510.954539291485,6057.290271287062
116,7501.325888616568,6067.47767020059
117,7534.950062197874,6053.578097750616
118,3400.7565156043433,7907.6299407406195
119,3383.4525209367093,7929.389649916762
120,3391.8844868110573,8000.621601205781
121,3401.8967499457044,7915.375750059914
122,3411.490517495507,7980.278997585914
123,3426.329692281404,7995.239515832105
124,3446.8773113871384,7922.576903348461
125,3351.192493906783,7919.539063206105
126,3407.5440860117237,7931.348158514263
127,3375.153407500071,7951.798215393576
128,3427.5836790244903,7997.4801711100445
129,3362.6045163306917,7946.417219405959
130,1002.5154782176463,7434.153121510155
131,1088.9680017548867,7437.687249316615
132,1085.5115293907106,7429.211107043761
133,1074.3575555176626,7347.3067594816175
134,1014.2134517035861,7414.343462305788
135,1003.2413215709736,7438.6222339554415
136,997.8351862616612,7413.137652819498
137,1057.4860406174325,7361.804663606919
138,1014.803638715012,7353.694142691573
139,1022.8533036678408,7376.5048030377775
140,1034.9308114300652,7353.834897865979
141,1041.2041289578021,7357.967039171307
142,3158.077020722332,1567.7149093196856
143,3080.077349606182,1592.952857666525
144,3104.8306839154498,1598.6642354076982
145,3089.5616398571015,1587.3122114918049
146,3134.527263465833,1634.2960877699306
147,3148.6109899928165,1631.4983624576628
148,3130.8539016719815,1653.997082318011
149,3147.465118484066,1566.971229982811
150,3121.589049795674,1588.989309254821
151,3154.5151422727185,1655.74768315571
152,3107.562893003468,1649.7044340965367
153,3117.0904896578013,1573.8539912156791
154,8687.126724173319,2781.5255946786483
155,8636.123403407697,2824.834880320718
156,8627.89661326193,2833.190509916882
157,8685.380422517379,2869.284897441245
158,8621.884581774231,2828.2498721832103
159,8708.476182231145,2812.7119314588817
160,8642.7682771123,2783.5894104159006
161,8709.405966200735,2814.2577696710073
162,8621.657935036248,2861.204654051492
163,8638.364255154705,2872.3335398177232
164,8643.387340209712,2803.296366006576
165,8692.999025964851,2827.756077966795
166,9885.2163446401,4686.887632980492
167,9859.061761807921,4755.969160688859
168,9803.211454817094,4763.60816330484
169,9847.32356263982,4715.173841685278
170,9816.25181805737,4771.966573066394
171,9856.977564293176,4735.192660601774
172,9856.138788380407,4766.192049313179
173,9868.910427169587,4711.546939152263
174,9869.447075105112,4771.293361770273
175,9847.476046930744,4746.818415516576
176,9830.168909552653,4767.012980953732
177,9858.830885590727,4773.086321733106
178,886.2750178460122,3302.553168454211
179,865.6777136140671,3272.0856767374707
180,883.0110468273434,3250.404380504437
181,895.9689266520817,3290.762844278438
182,869.2179628634494,3243.792273916382
183,811.6278141808555,3302.113041108378
184,837.2652194455354,3266.609966712974
185,833.4934588474617,3249.1647962596244
186,855.9879055400114,3235.9623018195525
187,834.8723614653345,3231.1588860345746
188,843.957517277736,3289.9386198402212
189,838.1756869055794,3241.376110509487
190,8305.764850078542,5175.838286908239
191,8303.010396497772,5199.492488113238
192,8308.283975604108,5190.737743584058
193,8345.405680792554,5152.687320584035
194,8376.448832880118,5221.4498025946
195,8318.80704663634,5185.8240237649015
196,8386.824588204392,5154.928237730297
197,8343.990454277056,5168.617404324999
198,8310.674822359288,5228.707015100531
199,8347.528696736425,5199.155277143249
200,8366.992167694523,5217.353803316174
201,8389.67298304779,5188.45589205323
202,8761.726471839376,2758.359773051329
203,8794.764133722012,2767.685685280419
204,8811.894735985981,2687.9108942387716
205,8823.476485584297,2746.973286760087
206,8829.108649129435,2732.4370960147667
207,8828.567557017921,2761.93894522986
208,8766.997944890583,2685.6781258608653
209,8812.338121929646,2678.2051584401493
210,8817.112773987532,2717.206789578711
211,8856.448387207774,2765.202568421601
212,8806.365356914906,2674.701709503119
213,8768.441592892528,2732.7451134638345
214,7802.8295632845175,146.77015434900844
215,7794.016578708433,217.39161579756598
216,7799.386017459468,178.93149495501305
217,7782.990598492485,170.65748390911483
218,7822.499864730246,154.03075517519608
219,7834.586195780483,225.06120128222875
220,7874.8000190273515,185.40585515803633
221,7798.084584330895,230.70093577834064
222,7799.193402390474,227.1325954887671
223,7826.515307992466,151.8413545633963
224,7865.221926196618,199.86444756468475
225,7811.625603460898,224.38810137948428
226,7832.776162182312,234.83756742678966
227,7835.46596855067,222.3303090671258
228,7865.225867346239,152.7583294382534
229,7822.811909202875,151.85043129729377
230,7800.860558759866,177.24419147779932
231,7819.824539763986,216.3302205369763
232,7781.336620976862,191.28620440834575
233,7852.170071210451,157.27164020758687
234,7848.7500015030555,222.68118400653935
235,9094.583528507717,340.36205597431285
236,9142.116887023236,354.80236729153904
237,9065.908298895423,360.07812971957287
238,9104.233828055743,356.4837023256298
239,9101.927609246,333.26803920138354
240,9141.474965595093,337.7415743559087
241,9064.925449374792,348.56548041092105
242,9065.720286623962,383.85526798560636
243,9089.552944209268,377.6264114303494
244,9114.66521768172,316.1191596112634
245,9113.548411722422,366.64561534706
246,9088.944271986269,372.6439430436342
247,9069.821784869744,299.2665324789965
248,9149.513005498155,356.7929026181007
249,9101.393845608407,322.5419628614965
250,9102.602873836393,304.27117303144917
251,9058.005062311015,357.7821854421649
252,9053.802222981843,309.1715423698876
253,9095.03423664523,296.31499864646906
254,9062.084838758734,383.71432146357597
255,9085.664498017237,383.21737102271993
256,6536.302967244734,9199.903210109196
257,6544.604097875189,9198.671917640539
258,6551.397011635564,9167.153220162534
259,6537.913503401359,9194.419850784057
260,6592.448789078974,9183.605589623672
261,6573.390889700167,9205.628741706372
262,6538.292379332157,9221.462659621078
263,6576.7728601102035,9135.960213351163
264,6623.940813857758,9134.441067371154
265,6626.282547341168,9156.51602408311
266,6579.30206969857,9215.055060403027
267,6576.8086551944425,9160.23346328002
268,6585.523738931593,9185.602021147319
269,6620.354496482804,9158.728881380244
270,6601.304741372712,9137.32787908427
271,6544.008218000303,9222.138152592855
272,6572.794931920198,9217.1630260244
273,6565.0287078566225,9171.706334184108
274,6586.981295782108,9202.614595187197
275,6552.5148190068185,9204.149022782425
276,6549.670975023534,9193.174273351784
277,6747.513451619461,1990.8634390996865
278,6679.831969337282,2014.3705021036399
279,6678.54426759208,2070.4108878959764
280,6676.627012243211,2013.6329955573442
281,6664.910925653563,1992.3516444121253
282,6739.410231166159,2007.558658710219
283,6661.52671205959,2063.7527112472394
284,6705.034143805225,2050.4821285983567
285,6689.315537936286,2007.021188261833
286,6744.162691181346,1988.9329876284326
287,6759.428926838204,2031.2725728528333
288,6681.393642207085,2012.9711796360689
289,6713.770664120874,2064.659214144673
290,6722.7765770072465,2026.9764427174546
291,6723.06203673305,1989.0365207996606
292,6739.881925525335,1985.525493744905
293,6698.109423671793,2017.0064955018736
294,6688.814468629346,1994.0106404900314
295,6701.678349881153,2053.477611423637
296,6677.312421280497,2062.1156716073083
297,6703.871126344544,2012.3882080345882
298,8004.918237694437,1821.0703398434612
299,8014.923202541485,1766.527096981807
300,7964.655315136016,1838.625443217406
301,7990.499577736094,1777.976963663189
302,7948.248131425438,1853.8804469117326
303,7952.35306157067,1809.2501604958013
304,7948.285532318307,1792.4852728275773
305,8002.98555195017,1795.641852596015
306,7965.691298428101,1784.3554368564842
307,7980.008832817859,1855.6432766613675
308,8017.7021564629495,1837.8663164193813
309,7978.980711740852,1829.4735758413221
310,8024.1410457398215,1817.9167926871805
311,8004.876518658238,1781.906275055647
312,8012.99599109727,1796.1465466896605
313,8001.243423323028,1845.5996865308653
314,7966.179720917612,1835.7850851616117
315,8028.318380463246,1857.901005373602
316,7994.668260707901,1820.743618565691
317,7954.006356196316,1798.9132076220876
318,8032.487918188359,1791.5754037233798
319,4416.038373172646,1527.5257598384976
320,4394.206508578155,1460.3448891275389
321,4393.955932395311,1467.5925702514103
322,4431.460191734332,1457.4139839041125
323,4368.582394138912,1506.9400482861672
324,4371.486028374897,1486.7709985050046
325,4382.943980097027,1538.1324945263163
326,4418.375906842887,1550.4317893550779
327,4441.396860954603,1513.2250172080207
328,4375.218705841885,1459.0795200228047
329,4378.4539432565025,1522.1529335257694
330,4384.478978066804,1468.3749133821163
331,4364.92922006933,1513.600533720662
332,4398.124587115102,1528.3381852616153
333,4379.940109450554,1540.6264479659192
334,4422.165179373389,1525.4599936750335
335,4370.4791343005645,1485.5768437737913
336,4350.151287741053,1467.7944424856264
337,4434.520919250177,1533.6510321012547
338,4357.935455618328,1471.0985750258606
339,4349.5153396993155,1543.3385025980035
340,7482.249615287924,4895.393130731412
341,7497.4483517252565,4872.291016264853
342,7543.393247414559,4936.284701938042
343,7573.11581242051,4895.668571404636
344,7501.980630530787,4922.020374511056
345,7495.556545938065,4940.866179169679
346,7482.50684766477,4887.157032558508
347,7485.301303419419,4887.457635978767
348,7517.385113032061,4884.140444276161
349,7484.554596890829,4904.536684983331
350,7503.864179294444,4928.853451356527
351,7548.57010910812,4853.723678736599
352,7516.56096445735,4871.308374233899
353,7558.907721554294,4900.839101760123
354,7522.879529146209,4881.836292043344
355,7507.361133263088,4935.514730234891
356,7497.76094163754,4936.995303503708
357,7526.068925229449,4884.403715303028
358,7526.181410709475,4887.863967923883
359,7570.697883396422,4939.0264219382525
360,7546.8986744423955,4909.174627719631
361,9519.339294961652,763.375640071169
362,9461.74014576177,713.3141698267694
363,9499.973549273844,804.2801822502572
364,9467.837631726661,775.0867382202223
365,9523.874348760059,733.4234833794527
366,9455.361643794708,754.8299454930968
367,9465.546171083952,788.9430952322335
368,9526.701531143573,738.9927219889862
369,9517.821614562097,717.7652190038593
370,9522.038142122034,723.0588119389657
371,9470.546058477843,790.5357540694692
372,9479.059057434455,790.8118950325018
373,9489.978585181821,757.1467736159653
374,9485.279096462096,712.8256303866456
375,9473.20719122392,745.9440756295799
376,9488.265123605963,801.3937340876214
377,9445.726044698327,715.2238131314584
378,9450.06738288602,791.0671656224954
379,9515.110545962787,748.218520115622
380,9520.966887928262,776.4300965817727
381,9451.611415694997,792.9512091507739
382,3941.129257594519,7117.872465835894
383,3948.601025583662,7138.867590497725
384,3929.7067107993435,7048.807657681266
385,3921.7232032787438,7090.967751620879
386,3927.8021288290133,7069.306302418105
387,3919.5566278053207,7112.733162670935
388,3954.425708628973,7103.420453793626
389,3907.631071063738,7056.315422715933
390,3871.867566287067,7081.940117959229
391,3928.751013051726,7061.4990424929565
392,3939.853110408657,7088.74354617042
393,3874.002675840131,7144.828751143956
394,3860.3194422085485,7066.827041185256
395,3959.5023848757364,7099.439294668857
396,3865.9425004638756,7087.45537808784
397,3898.6245131690152,7071.733435133298
398,3950.7207307119984,7109.668950147611
399,3862.276690421561,7121.144928310732
400,3870.4827088086286,7081.791769983698
401,3889.7836619121244,7111.112551819986
402,3924.3161809408707,7126.49354915588
403,5186.4165128220675,4968.285858272874
404,5138.880965400079,4960.086382328502
405,5210.327844571546,4945.299496375781
406,5131.344383142829,4970.870215076825
407,5158.588483540326,5034.42446918612
408,5154.210487773438,4949.09532140275
409,5176.082763006861,5023.677516519364
410,5177.0328326108065,4964.933664351126
411,5120.216133386193,4981.807199154838
412,5142.3299017984045,4951.542869709175
413,5179.567915435969,4957.770350288103
414,5210.298718848345,4971.417824700189
415,5183.777044955951,4980.218604890352
416,5133.350447992005,4956.465496459014
417,5173.738545454875,5017.426690475363
418,5167.607851470918,5010.204252666879
419,5141.418487106437,5031.1141865814025
420,5114.644570919924,5017.024096352552
421,5156.876135899856,5010.700691315802
422,5204.69699324304,4959.05622068458
423,5125.505178024778,4969.428536021302
424,5171.762106017793,5016.173582204446
425,5188.2663565455305,5018.525650784592
426,5122.494615357814,5031.192877814601
427,1965.6544441477029,5307.9516954410765
428,1967.2516270275523,5374.993811958588
429,1989.513616591109,5341.033534872018
430,1932.641397750776,5323.636145753246
431,1905.8210291719347,5332.650650715282
432,1917.6919692909846,5328.08076952349
433,1949.866451904156,5359.366471394204
434,1937.2967507551564,5317.941519825008
435,1908.076687782757,5331.458378040898
436,1944.6046754887004,5354.279919776186
437,1951.3378790767151,5349.712825256336
438,1908.0282379889386,5338.87007926455
439,1934.171527864444,5307.636061069462
440,1957.0321205389857,5361.355633460609
441,1946.0751854090686,5297.5546591490365
442,1923.9041257474873,5284.740994681923
443,1960.215891794521,5339.630645731316
444,1976.746427625167,5336.667362556808
445,1936.990909257932,5372.915962474182
446,1966.0768773949678,5293.982466442891
447,1921.4792270124394,5360.661735093946
448,1967.4576601885558,5373.2711939731125
449,1900.8888759176994,5323.511532660419
450,1948.3976935045137,5289.193067096256
451,4138.286324793055,8886.530882633147
452,4105.272611159523,8863.35608461726
453,4143.413392098516,8851.472749718574
454,4105.9339352172,8891.32003586165
455,4166.686523824582,8873.012552453494
456,4142.3250595293985,8806.368640549143
457,4159.469504239981,8832.402719908052
458,4173.948371450989,8867.655391946619
459,4159.939107808406,8812.587472538651
460,4184.558129680644,8885.582705162602
461,4099.811569564532,8828.194845345937
462,4185.434399264497,8826.407794292798
463,4103.59055903182,8801.6003836428
464,4151.775560476993,8888.03097611533
465,4102.610984859755,8827.630313369275
466,4152.785647951925,8840.838928009645
467,4111.442184895621,8890.494158893216
468,4137.393373357023,8806.045035898245
469,4097.812927158313,8838.884541545433
470,4180.721310438835,8810.18059025881
471,4112.718545820384,8811.04560537726
472,4113.607387574554,8877.49202473926
473,4158.550892602188,8885.492684062468
474,4115.68566560411,8824.564643612423
475,9444.243817421273,3289.9871377448985
476,2239.5713066777535,9962.913966517872
477,9680.89638647682,9061.094825000187
478,7605.591819941855,4432.174459792063
479,3231.2882520796193,9454.530777581993
480,9401.362897333267,9809.774959165692
481,8419.849465410209,4701.185249360641
482,1137.850837657607,5254.575299368609
483,1060.5389139149456,3499.142008708411
484,981.9158406252293,4993.155930811174
485,1183.3099259714752,5322.277306573171
486,8514.72444524303,1631.7504858643517
487,610.2070561462292,3570.4247507300133
488,1555.9617540284075,1310.8241492600691
489,9451.971477995985,3141.2296951346284
490,8113.159573606739,6477.508517065351
491,336.5809781386153,5637.756463854798
492,7342.127489538125,6459.798065577164
493,7065.086828493721,9360.514935390185
494,6889.4913222712385,9574.61018832045
495,1925.8939762171456,8496.324563862
496,3358.326262933201,1331.465463748781
497,5274.885766624529,4112.62775981613
498,1416.5323983143473,3975.2699736256313
499,2743.673690573596,7977.8768836812615
500,837.7284224221238,8454.563689619312
501,2013.9982409244672,7670.677640389643
502,9340.431014744387,9843.06684627216
503,7798.749307362984,9043.299441191975
504,1045.839194285526,6016.462772577213
505,6062.482998730931,8287.232943485624
506,7041.034937072514,5871.017972461048
507,2936.0897663296137,5225.363156203602
508,7043.034269381592,5735.634798505531
509,9793.450480861902,9140.989525414438
510,6691.160653486027,4915.21272289343
511,7806.346486610889,3873.5378589301504
512,9154.96368277745,4733.578071184198
513,9566.657482734432,7346.597471794387
514,1463.3364144078275,82.8786434999118
515,1789.743347226377,3828.289911672399
516,1875.5322594937086,9936.952702687564
517,5872.901820560519,5921.055250740974
518,8384.316204191173,7824.422182738924
519,4797.268716782055,280.14617071007166
520,3389.779631039649,356.4390104917248
521,2874.6113809185326,7524.235079028718
522,5773.6895025414915,884.0469663783679
523,1450.0883175112622,372.3416819682501
524,1947.6916467224826,5275.487309359581
525,7809.04451111553,1452.3030525412262
526,1709.055104779672,2055.674352006229
527,7981.428964310719,8094.221671044351
528,4709.2118146171015,4915.432091786754
529,8223.3024098996,9639.418421549104
530,770.1754431493813,4590.034912203184
531,5261.535524406136,402.8676035832379
532,9310.894800435024,7247.124576605462
533,6306.708378087465,2203.1928250418664
534,3626.446742768684,574.6904962353271
535,4130.800762161351,1034.8355840874458
536,5606.697121987736,727.7229957133302
537,6027.465457887314,8742.189164965019
538,6713.960855434713,7186.958725864989
539,3618.0360634278663,4048.9874456092325
540,8608.106865091331,8564.3524484631
541,4852.553594350798,7097.642304514481
542,5167.300979882089,9232.358750204803
543,3394.256077827287,3811.8573792382117
544,5487.729667675047,8430.683093369862
545,523.1395024562336,6835.527751898803
546,723.6003126094181,6679.022896585889
547,4512.950345374117,7318.4437637384035
548,1496.637611867011,1319.7526046673281
549,8408.78776378117,9001.58891988741
550,6266.096661350716,8690.550348927005
551,8136.29602837168,4659.038716690487
552,6783.374226539022,6278.055449030263
553,2837.728746967607,702.479743089689
554,1241.4450211309836,4474.293116736469
555,5176.1553283160765,1423.1275567292878
556,1343.2417592960933,4031.062556237355
557,4878.362316884144,1707.2948699880753
558,2316.766216872869,4533.615264799218
559,2190.7877882601424,1554.9266715006215
560,4785.469970762903,7081.347615278635
561,2761.030499607318,1454.4375500424744
562,9041.540008727678,759.4062601132346
563,9599.475107590453,4765.0701587874455
564,5592.169812681156,7257.10866233891
565,650.0610934966045,6649.71678261911
566,2204.67881829,5991.061506608684
567,9222.381264099336,4634.8189670966885
568,3734.301199942033,5862.28951332425
569,5404.968979852633,7405.045662272593
570,4102.277925034846,3908.4011410192343
571,205.04869819311656,2736.9102426504223
572,6128.480198818947,1761.1338548465737
573,8897.544552275212,7898.341882195825
574,7931.519005099032,9996.946878985806
575,7832.155728688243,899.0865836507156
576,7338.494772772993,8488.858729657872
577,4707.891616824899,4161.51046916661
578,1318.949585675392,6881.234565404934
579,3096.319076118407,2133.1596454224577
580,2193.019805907459,5971.212518921435
581,3409.8597176486232,3264.623188963569
582,8580.930346988858,3696.5919776538735
583,9855.824333639843,3341.326799129831
584,818.8778780406269,8751.909290796164
585,2254.5136089759676,7402.9604160136805
586,7588.717830401145,5867.650092231717
587,1198.6839541668426,9486.032918220742
588,180.05600387650088,5114.027570679659
589,9586.636849344137,9618.023132347733
590,2052.997270129432,9075.98269842469
591,6319.023411516148,9502.388197798064
592,3537.1202531468102,6540.777546603077
593,9468.787558598297,3311.719347817661
594,1822.4790591761187,9890.368409219447
595,8075.272987325013,1913.4264235387743
596,3573.586576599871,9498.640592773005
597,5548.266647327798,5817.498096145499
598,3443.967227496877,5304.1832136451585
599,4118.634387532781,8523.234614571382
600,3872.614390729313,1770.203643162569
601,97.3726193546498,9644.289236742688
602,9447.703241943562,6713.3515626835115
603,5121.127943949035,314.57494815574694
604,6933.603982868989,4489.320656677245
605,5550.329958438008,1969.1108370529564
606,3247.9123792498076,4466.5906161116445
607,5870.409703481715,2143.0336395210593
608,9952.260397200367,1551.2763299664146
609,4497.837681278147,5930.31608962029
610,1670.7366433018356,6042.854142911391
611,8410.210566048518,8729.6818300283
612,5544.765197388113,5334.144674255403
613,3865.916065433179,8898.498945187352
614,1534.2884570858027,5587.959454355083
615,9242.771694638728,5325.595548040532
616,3281.901454199423,1054.108907623954
617,6506.090703839352,2265.8684961741615
618,6137.272466701723,9354.853601539666
619,5498.6026405517305,2111.6181378508945
620,3118.8949874845293,2670.127110842976
621,1071.8468534692493,3841.711577526348
622,7960.213094784018,7416.352323163056
623,133.69510512004302,5160.768060770343
624,8342.497259694352,5957.586031550779
625,4143.097482585897,5841.478206080281
626,7802.988787384462,675.1406187659293
627,4817.846030783695,1412.5854210185807
628,401.53599475398204,6222.1278263405775
629,6328.183347314142,5723.220991770114
630,8631.343394769314,34.42295155771657
631,9616.944840229356,164.17305132525595
632,8796.702976710567,2063.2008522770107
633,4144.911232987527,2174.472077467724
634,5014.957429995025,9441.08531472676
635,9914.088948161403,1983.761573340983
636,6142.334660341054,7105.30826747374
637,6008.061456323325,467.58430486457223
638,6690.199832720679,1786.825632728708
639,7338.568774545663,40.88520448274346
640,9357.204697320843,3741.261282535411
641,764.8313464977274,7700.4465260604275
642,8200.902263477254,6105.725054890921
643,9854.278670037811,6804.776872395932
644,7249.424087999313,4689.064956711125
645,6983.942596288607,5353.854747433547
646,9916.079586198523,4797.385017500114
647,3640.5188056043203,154.86461148110143
648,8306.90377188875,1589.0078080351877
649,8289.439234985715,4282.572446520419
650,6802.251239941025,4565.997281668913
651,5123.515256827862,8445.101922458547
652,8270.367671921784,7266.283494289557
653,7864.159483269829,2454.610373656586
654,5585.631155919674,2861.4298837322103
655,5195.879923344346,2614.5083268309177
656,6183.995081536476,8308.38311884816
657,5218.615587832196,9465.660383150424
658,1282.844434209558,7074.5652512734205
659,6167.169198552127,8386.648066694264
660,4476.753706531823,8884.235211151223
661,5620.782510563507,4922.8494995256
662,2660.687453643623,9852.803560752433
