1,1
2,1
3,1
4,2
5,2
6,2
7,3
8,3
9,3
10,1
11,1
12,1
13,2
14,2
15,2
16,3
17,3
18,3
19,1
20,1
21,1
22,2
23,2
24,2
25,3
26,3
27,3
28,1
29,1
30,1
31,2
32,2
33,2
34,3
35,3
36,3
37,1
38,1
39,1
40,2
41,2
42,2
43,3
44,3
45,3
46,1
47,1
48,1
49,2
50,2
51,2
52,4
53,4
54,4
55,1
56,1
57,1
58,2
59,2
60,2
61,4
62,4
63,4
64,1
65,1
66,1
67,2
68,2
69,2
70,4
71,4
72,4
73,1
74,1
75,1
76,2
77,2
78,2
79,4
80,4
81,4
82,5
83,5
84,5
85,6
86,6
87,6
88,7
89,7
90,7
91,8
92,8
93,8
94,9
95,9
96,9
97,10
98,10
99,10
100,5
101,5
102,5
103,6
104,6
105,6
106,7
107,7
108,7
109,8
110,8
111,8
112,9
113,9
114,9
115,11
116,11
117,11
118,12
119,12
120,12
121,13
122,13
123,13
124,14
125,14
126,14
127,15
128,15
129,15
130,12
131,12
132,12
133,13
134,13
135,13
136,14
137,14
138,14
139,15
140,15
141,15
142,12
143,12
144,12
145,13
146,13
147,13
148,14
149,14
150,14
151,15
152,15
153,15
154,12
155,12
156,12
157,13
158,13
159,13
160,14
161,14
162,14
163,15
164,15
165,15
166,12
167,12
168,12
169,13
170,13
171,13
172,14
173,14
174,14
175,16
176,16
177,16
178,12
179,12
180,12
181,13
182,13
183,13
184,14
185,14
186,14
187,16
188,16
189,16
190,12
191,12
192,12
193,13
194,13
195,13
196,14
197,14
198,14
199,16
200,16
201,16
202,12
203,12
204,12
205,13
206,13
207,13
208,14
209,14
210,14
211,16
212,16
213,16
214,17
215,17
216,17
217,18
218,18
219,18
220,19
221,19
222,19
223,20
224,20
225,20
226,21
227,21
228,21
229,22
230,22
231,22
232,23
233,23
234,23
235,17
236,17
237,17
238,18
239,18
240,18
241,19
242,19
243,19
244,20
245,20
246,20
247,21
248,21
249,21
250,22
251,22
252,22
253,23
254,23
255,23
256,17
257,17
258,17
259,18
260,18
261,18
262,19
263,19
264,19
265,20
266,20
267,20
268,21
269,21
270,21
271,22
272,22
273,22
274,23
275,23
276,23
277,17
278,17
279,17
280,18
281,18
282,18
283,19
284,19
285,19
286,20
287,20
288,20
289,21
290,21
291,21
292,22
293,22
294,22
295,23
296,23
297,23
298,17
299,17
300,17
301,18
302,18
303,18
304,19
305,19
306,19
307,20
308,20
309,20
310,21
311,21
312,21
313,22
314,22
315,22
316,24
317,24
318,24
319,17
320,17
321,17
322,18
323,18
324,18
325,19
326,19
327,19
328,20
329,20
330,20
331,21
332,21
333,21
334,22
335,22
336,22
337,24
338,24
339,24
340,17
341,17
342,17
343,18
344,18
345,18
346,19
347,19
348,19
349,20
350,20
351,20
352,21
353,21
354,21
355,22
356,22
357,22
358,24
359,24
360,24
361,17
362,17
363,17
364,18
365,18
366,18
367,19
368,19
369,19
370,20
371,20
372,20
373,21
374,21
375,21
376,22
377,22
378,22
379,24
380,24
381,24
382,17
383,17
384,17
385,18
386,18
387,18
388,19
389,19
390,19
391,20
392,20
393,20
394,21
395,21
396,21
397,22
398,22
399,22
400,24
401,24
402,24
403,25
404,25
405,25
406,26
407,26
408,26
409,27
410,27
411,27
412,28
413,28
414,28
415,29
416,29
417,29
418,30
419,30
420,30
421,31
422,31
423,31
424,32
425,32
426,32
427,25
428,25
429,25
430,26
431,26
432,26
433,27
434,27
435,27
436,28
437,28
438,28
439,29
440,29
441,29
442,30
443,30
444,30
445,31
446,31
447,31
448,33
449,33
450,33
451,25
452,25
453,25
454,26
455,26
456,26
457,27
458,27
459,27
460,28
461,28
462,28
463,29
464,29
465,29
466,30
467,30
468,30
469,31
470,31
471,31
472,33
473,33
474,33
475,24
476,19
477,25
478,24
479,28
480,3
481,1
482,4
483,10
484,23
485,12
486,33
487,22
488,21
489,32
490,3
491,2
492,28
493,12
494,27
495,14
496,6
497,13
498,20
499,21
500,24
501,27
502,32
503,16
504,33
505,10
506,5
507,14
508,30
509,33
510,28
511,27
512,11
513,24
514,27
515,12
516,13
517,6
518,22
519,26
520,23
521,21
522,3
523,7
524,1
525,5
526,21
527,31
528,32
529,32
530,9
531,20
532,18
533,6
534,4
535,2
536,16
537,20
538,6
539,16
540,20
541,28
542,17
543,21
544,27
545,8
546,3
547,7
548,9
549,18
550,17
551,28
552,23
553,18
554,10
555,6
556,27
557,31
558,3
559,6
560,9
561,26
562,18
563,10
564,14
565,18
566,25
567,21
568,27
569,41
570,47
571,51
572,40
573,40
574,34
575,45
576,39
577,50
578,37
579,49
580,47
581,47
582,45
583,34
584,42
585,43
586,45
587,47
588,50
589,34
590,37
591,44
592,49
593,42
594,36
595,49
596,51
597,46
598,48
599,39
600,34
601,48
602,47
603,34
604,47
605,50
606,50
607,36
608,35
609,39
610,38
611,47
612,41
613,48
614,45
615,34
616,37
617,47
618,46
619,50
620,49
621,50
622,43
623,50
624,45
625,39
626,38
627,34
628,51
629,49
630,46
631,34
632,49
633,37
634,49
635,34
636,49
637,39
638,46
639,41
640,38
641,34
642,38
643,39
644,40
645,47
646,34
647,35
648,45
649,42
650,38
651,34
652,47
653,39
654,44
655,36
656,35
657,44
658,36
659,51
660,35
661,38
662,41
